400
0 266 74
0 351 80
0 282 55
0 242 12
0 288 95
0 208 116
0 275 147
0 199 69
0 240 37
0 199 55
0 102 37
1 111 176
1 213 66
1 15 12
1 118 127
1 159 79
1 315 126
1 334 132
1 17 108
1 283 43
1 65 52
1 109 135
1 131 69
1 14 198
1 65 81
1 377 143
1 59 146
1 52 191
2 366 138
2 239 184
2 169 134
2 350 163
2 171 79
2 174 121
2 396 199
2 113 74
2 364 168
2 15 106
2 268 87
2 379 190
2 173 51
2 259 155
2 119 63
2 289 172
3 114 36
3 68 182
3 70 95
3 379 83
3 252 177
3 101 194
3 132 191
3 96 154
3 161 72
3 144 63
4 175 147
4 152 37
4 89 91
4 168 21
4 34 16
4 327 25
4 215 180
4 184 24
4 165 122
4 165 88
4 379 151
4 304 106
4 188 5
5 52 164
5 292 35
5 309 21
5 110 196
5 183 195
5 278 43
5 71 31
5 46 124
5 195 133
5 300 39
5 321 153
5 49 182
5 209 189
5 355 20
5 246 114
5 295 53
5 139 78
6 231 38
6 69 178
6 371 170
6 369 44
6 189 36
6 191 155
6 175 147
6 127 173
6 213 23
6 226 152
6 322 127
6 352 94
6 188 76
6 294 70
6 335 86
6 35 150
6 79 14
7 393 177
7 91 37
7 231 196
7 272 100
7 344 11
7 44 39
7 81 179
7 364 194
7 195 66
7 395 91
7 162 39
7 35 165
7 65 199
7 203 162
7 162 47
7 179 30
7 44 120
8 226 193
8 236 157
8 213 117
8 102 48
8 82 172
8 14 15
8 7 24
8 18 121
8 124 133
8 166 6
8 57 25
8 258 180
8 40 120
8 173 98
8 93 174
9 354 93
9 99 76
9 74 23
9 66 40
9 398 58
9 161 17
9 64 48
9 181 160
9 284 106
9 281 133
9 253 35
9 226 99
9 342 77
9 285 188
9 369 149
9 189 38
9 398 48
10 349 9
10 159 2
10 29 146
10 211 193
10 268 10
10 110 64
10 135 36
10 45 61
10 38 190
10 289 25
10 105 97
10 43 173
10 280 63
10 335 74
11 311 57
11 197 173
11 284 161
11 339 137
11 197 136
11 198 36
11 78 180
11 263 119
11 259 14
11 101 47
11 298 134
11 194 5
11 299 68
11 308 135
11 381 47
11 14 61
11 66 52
12 166 139
12 317 147
12 338 190
12 334 121
12 74 66
12 249 126
12 101 39
12 194 21
12 190 177
12 50 108
12 69 167
12 81 75
12 129 167
12 348 3
12 262 44
12 170 107
12 303 15
13 102 17
13 111 171
13 3 11
13 179 173
13 209 17
13 214 131
13 124 117
13 263 159
13 361 129
13 100 88
13 287 50
13 286 22
13 382 142
14 55 81
14 82 156
14 244 163
14 337 148
14 331 110
14 199 149
14 43 56
14 215 39
14 263 131
14 65 119
14 76 27
14 277 15
14 159 57
14 348 155
14 372 6
14 389 110
14 372 153
15 286 64
15 55 59
15 190 30
15 390 125
15 369 29
15 370 142
15 204 141
15 94 156
15 172 33
15 292 151
15 98 82
15 333 88
15 154 111
15 328 187
15 191 3
15 161 195
15 75 190
16 253 176
16 123 25
16 135 49
16 86 36
16 395 55
16 86 186
16 58 199
16 95 9
16 345 148
16 33 179
16 35 38
16 199 28
16 332 16
16 79 90
16 162 117
16 78 157
16 324 164
16 315 181
16 90 11
17 360 85
17 179 193
17 169 142
17 158 63
17 133 174
17 392 6
17 374 128
17 327 135
17 191 22
17 187 160
17 235 61
17 378 126
17 206 170
17 332 64
18 357 101
18 66 131
18 367 22
18 394 79
18 6 181
18 340 154
18 102 128
18 331 80
18 54 137
18 2 138
18 153 111
18 239 171
18 33 171
18 176 98
18 54 122
18 129 13
18 304 21
18 387 144
19 256 132
19 353 183
19 158 73
19 16 114
19 227 49
19 37 4
19 147 91
19 297 23
19 321 34
19 202 60
19 353 35
19 352 195
19 358 168
19 190 20
19 270 47
19 193 143
20 78 37
20 206 72
20 341 135
20 120 37
20 122 23
20 176 144
20 319 107
20 34 52
21 319 174
21 398 174
21 67 197
21 58 144
21 123 187
21 50 61
21 177 181
21 314 76
21 50 146
21 198 88
21 375 8
21 316 22
21 337 166
21 61 199
22 275 83
22 229 42
22 236 23
22 65 32
22 207 121
22 300 43
22 183 139
22 352 5
22 104 13
22 356 51
22 60 115
22 366 160
22 335 20
22 187 120
22 202 146
22 241 102
22 341 25
22 193 93
23 149 150
23 102 8
23 397 38
23 184 153
23 325 133
23 279 185
23 133 173
23 10 127
23 66 192
23 27 3
23 184 167
23 247 127
23 349 40
23 399 74
23 127 87
23 378 89
23 33 191
24 318 134
24 77 110
24 373 26
24 66 7
24 185 146
24 246 163
24 235 13
24 112 69
24 356 185
24 112 73
24 107 125
24 60 136
24 163 91
24 309 16
24 119 127
24 175 105
24 186 132
25 82 95
25 118 18
25 225 185
25 230 39
25 152 89
25 117 164
25 337 35
25 209 145
25 176 147
25 277 58
25 42 147
25 304 6
25 327 162
25 121 104
25 184 105
25 283 73
26 111 185
26 225 150
26 55 140
26 120 52
26 156 56
26 109 39
26 46 118
26 104 47
26 150 158
26 12 13
26 130 119
26 254 125
26 41 126
26 329 197
26 188 65
26 41 35
26 335 97
27 380 105
27 373 144
27 119 69
27 118 1
27 389 98
27 156 11
27 351 162
27 55 82
27 117 176
27 299 53
27 159 92
27 175 78
27 113 45
27 79 54
27 217 46
27 367 130
27 167 8
28 336 28
28 55 146
28 343 102
28 89 192
28 102 81
28 89 95
28 173 60
28 109 76
28 43 16
28 130 97
29 130 119
29 281 183
29 39 55
29 195 128
29 235 153
29 55 149
29 260 147
29 151 28
29 223 146
29 244 106
29 244 93
29 50 126
29 231 14
29 252 27
29 342 88
29 380 29
29 224 187
29 335 30
29 177 21
29 88 152
29 168 84
30 329 60
30 356 65
30 91 188
30 215 173
30 383 147
30 154 160
30 234 44
30 164 7
30 273 179
30 332 8
30 79 86
30 368 166
30 371 165
30 140 39
30 249 184
31 392 142
31 2 12
31 205 88
31 292 139
31 84 24
31 347 163
31 310 68
31 33 69
31 45 156
31 158 37
31 140 115
31 94 32
31 6 179
31 256 153
31 342 167
31 173 24
31 1 7
31 245 74
31 334 108
31 39 179
32 368 67
32 358 169
32 274 7
32 47 80
32 184 104
32 2 143
32 268 115
32 178 188
32 158 57
32 224 73
32 127 91
32 242 102
32 202 145
32 78 72
32 15 139
33 120 37
33 133 51
33 291 135
33 277 139
33 324 118
33 346 4
33 106 163
33 285 185
33 174 186
33 316 94
33 375 49
33 40 146
33 280 149
33 362 30
33 370 34
33 86 7
33 171 121
33 241 189
33 123 15
34 127 39
34 262 55
34 149 56
34 380 139
34 343 149
34 223 138
34 55 146
34 153 135
34 338 167
34 279 150
34 264 100
34 11 41
34 180 149
34 286 147
35 18 26
35 346 146
35 308 198
35 165 184
35 293 123
35 110 131
35 237 56
35 76 97
35 266 78
35 296 31
35 62 38
35 329 99
35 375 125
35 365 33
36 317 7
36 290 50
36 149 189
36 56 87
36 211 70
36 125 140
36 322 109
36 186 33
36 376 74
36 324 13
36 233 40
36 345 195
36 170 184
36 248 148
36 278 170
36 9 145
36 19 195
36 378 54
37 365 143
37 65 38
37 292 74
37 339 98
37 367 157
37 282 32
37 251 31
37 387 149
37 101 172
37 249 197
37 224 139
38 224 92
38 342 192
38 73 24
38 176 76
38 7 163
38 225 22
38 366 152
38 102 166
38 106 196
38 157 183
38 146 108
38 134 170
38 4 93
38 334 122
38 197 28
38 90 99
38 95 40
38 175 164
39 268 173
39 264 170
39 236 86
39 316 195
39 340 120
39 243 85
39 54 133
39 81 32
39 192 147
39 189 168
39 263 54
39 123 87
39 374 69
39 64 28
39 263 6
39 72 4
40 374 135
40 301 160
40 272 47
40 190 159
40 339 4
40 110 146
40 359 53
40 282 172
40 178 145
40 101 56
40 260 127
40 344 161
40 82 111
40 78 162
40 382 25
40 96 112
41 283 156
41 134 95
41 48 90
41 186 65
41 114 161
41 275 144
41 284 88
41 59 49
41 53 155
41 361 175
41 334 28
41 399 169
41 264 19
41 93 165
41 314 31
41 344 57
41 172 20
41 146 56
41 83 119
41 166 136
42 396 98
42 170 60
42 243 60
42 339 146
42 26 80
42 329 91
42 259 95
42 355 34
42 17 199
42 46 81
42 387 115
42 331 113
43 18 2
43 98 136
43 156 169
43 194 15
43 20 89
43 103 93
43 353 163
43 299 8
43 8 22
43 25 140
44 323 99
44 346 23
44 259 107
44 367 88
44 371 116
44 56 151
44 76 194
44 391 4
44 164 183
44 277 88
44 83 60
44 46 59
44 41 43
44 311 70
45 374 190
45 113 117
45 394 42
45 251 111
45 378 129
45 151 13
45 399 178
45 259 46
45 241 131
45 154 131
45 73 185
45 130 6
45 88 78
45 203 99
45 104 166
46 4 142
46 170 77
46 86 12
46 291 41
46 159 167
46 285 183
46 225 93
46 171 26
46 68 172
46 134 37
46 81 9
46 187 119
46 360 180
46 245 159
46 196 131
47 342 85
47 287 119
47 378 137
47 67 101
47 273 50
47 386 126
47 317 199
47 132 59
47 330 14
47 116 24
47 22 113
47 238 136
47 198 42
47 294 1
48 22 188
48 287 92
48 12 114
48 6 131
48 344 84
48 295 166
48 273 141
48 382 167
48 94 25
48 152 104
48 209 142
48 365 103
48 17 65
48 350 108
48 280 51
48 45 22
48 315 21
49 398 121
49 9 102
49 256 138
49 234 194
49 127 47
49 10 72
49 24 77
49 45 14
49 287 44
49 287 48
49 276 157
49 198 50
49 245 111
49 335 111
50 325 124
50 25 165
50 173 171
50 230 18
50 126 185
50 154 154
50 95 194
50 359 18
50 21 109
50 367 99
50 278 13
50 162 165
50 173 58
50 212 85
50 303 95
50 386 118
51 299 17
51 25 46
51 40 179
51 325 114
51 151 104
51 229 166
51 208 48
51 389 107
51 10 177
51 0 109
51 139 167
51 149 179
51 147 75
51 303 6
51 346 7
51 332 91
51 10 168
52 347 151
52 316 17
52 360 126
52 194 113
52 65 179
52 317 79
52 257 185
52 3 4
52 137 79
52 321 53
52 96 34
52 147 167
52 56 193
52 287 124
52 177 127
52 232 34
53 64 35
53 305 37
53 182 136
53 381 37
53 180 68
53 162 56
53 334 18
53 206 111
53 97 191
53 363 45
53 307 68
53 257 178
53 173 39
53 55 61
53 209 14
54 19 183
54 264 134
54 180 169
54 56 92
54 312 175
54 176 170
54 353 149
54 104 190
54 381 122
54 292 142
54 0 93
54 192 172
54 306 9
54 226 162
54 278 166
54 326 54
54 88 32
54 3 49
54 90 125
55 152 20
55 327 145
55 144 156
55 353 3
55 331 195
55 364 107
55 296 110
55 242 116
55 344 146
55 289 71
55 28 197
55 328 106
55 269 11
55 60 67
55 190 24
55 86 177
56 302 71
56 382 82
56 268 122
56 180 49
56 360 34
56 396 149
56 25 107
56 32 161
56 146 119
56 202 3
56 38 184
56 58 17
56 7 39
56 73 179
56 28 49
56 57 40
57 209 92
57 355 110
57 266 96
57 355 152
57 273 162
57 282 16
57 282 4
57 385 145
57 385 57
57 85 139
57 31 66
57 376 174
57 78 45
57 125 151
57 7 68
57 36 170
57 378 118
57 126 115
57 15 179
57 310 153
58 292 99
58 145 75
58 318 6
58 364 46
58 180 54
58 67 10
58 99 145
58 161 59
58 301 50
58 320 157
58 89 9
58 8 199
58 397 192
58 379 64
58 209 116
58 177 142
58 177 8
58 385 158
59 147 71
59 196 65
59 304 127
59 281 59
59 327 199
59 160 80
59 124 43
59 386 180
59 122 20
59 31 185
59 23 124
59 332 40
59 374 82
59 262 18
60 251 120
60 399 152
60 285 46
60 274 161
60 290 60
60 294 164
60 252 179
60 68 47
60 397 194
60 282 11
60 186 63
60 16 45
60 336 90
60 338 139
60 118 119
60 174 32
61 320 133
61 34 29
61 122 23
61 112 157
61 0 77
61 268 186
61 368 100
61 14 33
61 58 180
62 283 70
62 338 88
62 213 10
62 267 3
62 222 105
62 356 64
62 265 191
62 134 155
62 31 147
62 305 132
62 324 46
62 211 58
62 73 20
62 114 128
62 195 107
62 241 103
63 372 58
63 354 127
63 223 174
63 193 118
63 23 14
63 347 48
63 56 47
63 174 150
63 84 161
64 67 58
64 370 20
64 170 40
64 2 91
64 299 96
64 132 37
64 155 12
64 34 169
64 116 78
64 223 100
64 244 145
64 140 161
64 395 94
64 252 146
64 337 64
64 62 56
64 372 49
65 291 160
65 180 66
65 212 176
65 11 152
65 398 141
65 205 23
65 124 69
65 25 150
65 89 88
65 207 13
65 89 33
65 321 183
65 230 107
65 245 193
65 104 162
65 184 174
65 297 84
66 333 88
66 387 130
66 17 137
66 312 93
66 140 14
66 77 189
66 50 186
66 235 54
66 317 119
66 388 102
66 147 28
66 111 104
66 359 51
67 239 114
67 85 196
67 398 82
67 173 35
67 274 113
67 365 84
67 185 180
67 262 96
67 84 173
67 99 154
67 316 65
67 106 194
67 79 93
67 365 66
67 338 147
68 233 128
68 346 54
68 295 63
68 197 190
68 256 76
68 80 11
68 29 41
68 35 191
68 363 144
68 25 40
68 186 44
68 277 153
68 133 12
68 53 78
68 269 151
68 15 112
69 79 81
69 121 112
69 234 14
69 27 1
69 32 186
69 73 53
69 337 40
69 165 131
69 371 22
69 330 60
69 78 156
69 268 188
69 102 10
69 196 88
70 327 138
70 253 134
70 92 149
70 138 121
70 352 41
70 210 148
70 81 149
70 254 2
70 151 199
70 164 23
70 367 5
70 74 1
71 306 60
71 315 113
71 263 80
71 246 155
71 338 158
71 309 197
71 251 162
71 52 150
71 81 25
71 281 178
71 396 140
71 253 5
71 344 99
71 166 51
71 154 199
71 36 199
71 25 40
71 101 107
71 18 129
71 183 121
72 251 73
72 13 160
72 276 131
72 130 161
72 378 130
72 109 148
72 222 136
72 213 73
72 67 145
72 26 50
72 227 54
72 188 64
72 105 185
72 142 81
72 123 124
72 83 102
72 389 72
73 354 2
73 77 117
73 384 190
73 44 97
73 147 186
73 74 150
73 374 110
73 169 24
73 225 46
73 142 189
73 112 126
73 324 150
73 341 64
73 146 28
73 58 172
74 372 108
74 329 149
74 197 71
74 47 171
74 390 160
74 56 56
74 321 172
74 70 19
74 200 128
74 343 130
74 34 67
74 238 115
74 386 108
74 379 163
74 339 142
74 92 47
74 306 162
74 18 106
75 388 185
75 91 175
75 227 77
75 130 144
75 39 193
75 259 178
75 335 185
75 385 67
75 141 155
75 126 136
75 117 66
75 73 8
75 41 78
75 209 182
75 118 126
75 243 177
75 267 83
75 15 174
75 394 130
76 218 25
76 138 92
76 370 28
76 112 23
76 2 73
76 72 65
76 168 18
76 148 76
76 90 166
76 210 190
76 370 24
76 204 172
76 370 46
76 160 18
76 386 154
77 377 169
77 16 148
77 193 172
77 320 195
77 134 165
77 195 96
77 306 166
77 336 39
77 160 122
77 45 133
77 371 48
77 274 43
77 57 67
77 38 45
77 143 198
77 367 102
77 316 44
78 47 189
78 87 100
78 105 21
78 323 160
78 371 46
78 119 59
78 375 44
78 42 64
78 69 154
78 171 188
78 2 22
78 240 118
79 281 15
79 76 168
79 169 149
79 395 187
79 233 91
79 270 5
79 358 141
79 163 108
79 226 46
79 362 107
79 261 190
79 227 31
79 339 92
79 223 198
79 215 94
79 294 31
80 229 3
80 15 44
80 391 170
80 157 41
80 296 36
80 2 114
80 0 115
80 396 168
80 390 94
80 127 64
80 132 131
80 147 95
80 55 162
80 333 49
80 85 42
81 249 37
81 131 57
81 255 63
81 188 73
81 121 29
81 50 13
81 380 135
81 14 20
81 163 83
81 287 172
81 385 95
81 13 193
81 142 16
81 6 74
81 295 172
81 23 62
82 110 3
82 216 108
82 159 14
82 243 65
82 356 163
82 157 73
82 337 115
82 347 193
82 88 194
82 165 111
82 8 5
82 196 118
82 360 13
82 179 135
82 72 72
82 83 149
82 180 199
82 370 70
82 66 69
82 170 24
83 331 74
83 343 38
83 249 165
83 116 81
83 51 183
83 150 66
83 81 157
83 20 73
83 270 140
83 202 146
83 311 113
83 327 28
83 394 179
83 163 96
84 227 42
84 285 107
84 247 127
84 73 117
84 162 1
84 145 108
84 332 108
84 205 129
84 282 153
84 213 74
84 384 180
84 359 195
84 365 13
84 348 30
85 111 67
85 26 34
85 49 192
85 260 139
85 268 10
85 36 51
85 247 69
85 216 119
85 6 190
85 28 53
85 211 12
85 60 28
85 55 90
86 106 17
86 90 106
86 355 101
86 372 178
86 34 54
86 231 136
86 341 191
86 272 1
86 171 155
86 228 23
86 313 83
86 100 142
86 284 55
86 395 32
86 315 54
86 380 95
86 245 104
86 232 21
87 86 112
87 12 82
87 351 146
87 206 31
87 233 81
87 240 78
87 269 199
87 313 155
87 37 7
87 312 170
87 160 142
87 185 24
87 102 31
88 260 173
88 372 176
88 302 74
88 120 189
88 364 110
88 201 149
88 95 90
88 19 75
88 262 189
88 74 147
89 334 130
89 220 6
89 217 32
89 379 80
89 343 152
89 248 52
89 161 149
89 379 47
89 29 52
89 41 170
89 397 42
89 75 180
89 10 6
89 213 178
89 351 134
89 386 199
90 300 165
90 147 132
90 200 128
90 298 27
90 268 48
90 22 191
90 172 176
90 241 44
90 371 179
90 279 144
90 274 178
90 157 165
90 14 156
90 100 70
90 293 55
90 30 16
90 160 25
91 125 191
91 321 149
91 330 180
91 113 150
91 143 94
91 22 127
91 59 128
91 276 199
91 66 121
91 132 48
91 337 44
91 225 14
91 318 109
91 48 1
91 89 162
91 351 26
91 171 46
91 373 42
91 336 140
91 61 124
92 316 157
92 327 187
92 388 156
92 89 91
92 334 60
92 338 159
92 6 111
92 119 20
92 175 195
92 54 38
92 197 12
92 352 176
92 166 86
92 336 123
93 121 164
93 284 170
93 99 79
93 42 112
93 393 99
93 177 15
93 205 113
93 290 18
93 317 183
93 282 190
93 82 92
93 214 76
93 124 106
93 357 180
93 221 104
94 124 132
94 301 55
94 347 158
94 369 135
94 361 135
94 267 123
94 10 161
94 114 112
94 234 58
94 247 134
94 25 150
94 10 45
95 23 185
95 364 83
95 346 151
95 142 145
95 355 26
95 201 186
95 371 51
95 363 53
95 324 155
95 242 70
95 58 184
95 367 95
95 132 129
96 64 27
96 163 78
96 370 163
96 352 92
96 248 48
96 155 71
96 214 49
96 354 31
96 232 51
96 1 86
96 374 167
97 328 152
97 223 124
97 162 136
97 233 50
97 172 68
97 18 33
97 110 64
97 267 72
97 201 52
97 186 194
97 117 98
97 135 87
97 58 2
98 160 184
98 238 166
98 241 127
98 109 103
98 175 97
98 376 149
98 22 102
98 352 105
98 307 66
98 64 67
98 374 121
98 322 138
98 309 50
98 174 54
98 356 180
99 384 159
99 379 186
99 62 117
99 229 45
99 363 23
99 296 99
99 197 170
99 20 195
99 131 48
99 344 39
99 380 45
99 109 75
99 364 134
99 68 161
99 304 58
99 171 77
99 335 192
99 73 66
99 40 17
99 57 172
99 14 166
100 47 124
100 212 33
100 214 45
100 107 80
100 123 87
100 391 37
100 81 31
100 235 63
100 114 70
100 389 104
101 50 18
101 234 188
101 108 70
101 180 138
101 145 93
101 367 16
101 252 109
101 57 116
101 394 130
101 282 182
101 1 61
101 326 116
101 206 88
101 226 151
101 182 145
102 393 29
102 274 94
102 22 156
102 76 156
102 203 52
102 168 160
102 140 126
102 277 183
102 121 118
102 342 4
102 282 175
102 69 7
102 115 115
102 282 118
102 399 87
102 105 43
102 225 169
102 144 146
103 90 184
103 195 75
103 292 16
103 277 66
103 74 39
103 256 79
103 28 156
103 252 99
103 113 35
103 18 119
104 343 187
104 370 169
104 108 26
104 175 83
104 382 35
104 214 104
104 106 151
104 185 193
104 209 56
104 395 131
104 184 4
104 342 91
104 307 79
104 36 43
105 192 183
105 230 43
105 340 36
105 210 16
105 47 114
105 352 198
105 193 46
105 325 78
105 179 99
105 345 104
105 2 175
105 117 39
105 38 128
105 20 172
105 92 73
106 334 23
106 372 196
106 64 84
106 89 39
106 31 163
106 87 39
106 153 33
106 261 179
106 47 80
106 48 91
106 353 135
106 283 131
106 162 51
106 245 103
106 222 135
106 94 195
106 62 129
106 195 145
107 6 132
107 162 143
107 194 154
107 289 26
107 104 74
107 212 172
107 337 26
107 102 132
107 331 162
107 19 89
107 46 31
107 137 170
107 126 117
107 295 175
107 192 131
107 217 75
108 93 188
108 317 140
108 349 145
108 53 3
108 246 182
108 87 167
108 142 146
108 304 86
108 278 73
108 313 171
108 63 33
108 166 164
108 179 28
108 399 45
108 189 95
108 315 139
108 30 57
109 312 8
109 391 103
109 19 138
109 337 19
109 335 109
109 343 3
109 98 188
109 397 62
109 7 90
109 116 173
109 226 185
109 81 23
110 165 75
110 271 15
110 8 38
110 355 145
110 65 57
110 134 74
110 258 112
110 88 59
110 243 108
110 389 26
110 67 174
110 264 91
110 233 110
110 350 94
110 83 8
110 51 46
111 107 94
111 320 135
111 288 38
111 129 107
111 364 145
111 142 54
111 263 197
111 205 106
111 346 8
111 102 59
111 195 189
111 299 174
111 392 24
112 19 12
112 95 120
112 387 42
112 62 199
112 70 111
112 328 92
112 358 116
112 214 135
112 286 26
112 127 146
112 50 181
112 314 37
112 223 176
112 185 126
112 36 151
112 74 8
112 165 153
113 106 188
113 73 122
113 394 161
113 127 24
113 204 61
113 211 147
113 92 179
113 90 26
113 358 188
113 68 168
113 287 148
113 345 138
113 133 106
113 20 136
114 80 24
114 237 167
114 395 45
114 212 158
114 258 160
114 82 122
114 210 93
114 337 153
114 120 50
114 5 17
114 113 1
114 262 2
114 25 152
114 249 38
114 62 65
114 289 120
114 27 11
115 313 68
115 14 84
115 274 14
115 99 65
115 257 135
115 24 142
115 278 52
115 317 127
115 348 169
115 233 119
115 123 137
115 103 15
115 65 189
116 73 63
116 382 97
116 357 60
116 102 26
116 25 185
116 294 112
116 286 197
116 0 93
116 159 182
116 143 116
116 247 91
116 121 47
116 314 93
116 65 144
116 241 152
116 256 31
116 122 76
117 127 122
117 370 86
117 56 113
117 2 50
117 310 97
117 388 9
117 302 108
117 85 99
117 385 52
117 255 182
117 237 191
117 201 47
117 17 8
117 73 170
117 350 74
117 179 74
118 272 111
118 197 145
118 220 116
118 168 38
118 325 194
118 101 168
118 339 63
118 374 190
118 273 50
118 116 91
118 189 186
118 265 114
118 332 25
118 293 152
119 22 186
119 104 161
119 36 157
119 386 153
119 53 132
119 234 186
119 158 127
119 338 75
119 122 11
119 398 6
119 236 10
119 162 79
119 346 144
120 269 76
120 62 143
120 88 190
120 370 147
120 279 55
120 171 110
120 141 16
120 25 88
120 160 84
120 330 178
120 281 39
120 148 116
121 186 133
121 67 81
121 179 20
121 295 146
121 394 128
121 241 32
121 301 16
121 285 173
121 174 41
121 75 68
121 12 158
121 349 59
121 104 95
121 333 29
121 283 82
122 306 171
122 385 192
122 271 79
122 125 83
122 238 26
122 142 94
122 321 129
122 88 6
122 40 60
122 142 139
122 254 132
122 340 160
122 123 110
122 157 99
122 121 45
122 64 145
123 393 6
123 207 139
123 330 73
123 84 51
123 35 87
123 66 77
123 278 19
123 169 96
123 294 176
123 387 11
123 236 197
123 369 59
123 82 171
123 138 51
123 120 156
124 128 48
124 162 6
124 168 18
124 302 137
124 266 196
124 265 53
124 159 178
124 96 58
124 145 130
124 30 83
124 391 109
124 351 153
124 369 141
124 381 198
124 172 140
125 292 109
125 253 11
125 363 112
125 338 34
125 393 119
125 233 117
125 361 89
125 247 63
125 257 74
125 19 176
126 386 181
126 389 40
126 21 29
126 226 25
126 278 73
126 7 126
126 285 159
126 208 75
126 351 163
126 358 134
126 155 127
127 384 40
127 356 100
127 28 41
127 68 163
127 152 99
127 378 12
127 94 137
127 146 2
127 315 189
127 53 89
127 70 33
127 83 82
127 222 151
127 203 198
127 40 107
127 362 19
127 262 88
128 308 152
128 330 14
128 317 23
128 30 120
128 41 50
128 345 101
128 177 193
128 275 39
128 318 108
128 306 48
128 307 182
128 264 81
128 170 198
128 198 115
128 299 18
128 224 77
128 11 51
129 187 12
129 19 164
129 126 137
129 224 32
129 185 98
129 23 105
129 305 27
129 253 27
129 306 32
129 370 174
129 78 109
129 273 65
129 98 171
129 147 166
129 212 189
129 190 35
129 214 99
129 75 192
130 301 34
130 131 147
130 44 4
130 122 52
130 287 179
130 257 152
130 241 13
130 383 82
130 137 89
130 399 133
130 277 168
130 281 82
130 190 146
130 86 181
130 247 163
131 350 89
131 232 127
131 57 160
131 367 103
131 249 68
131 282 136
131 201 188
131 304 35
131 137 32
131 89 73
131 186 135
131 291 71
131 188 58
131 326 168
131 188 49
132 390 94
132 1 142
132 53 42
132 16 109
132 140 154
132 196 92
132 363 31
132 352 66
132 370 92
132 15 104
132 330 190
132 283 194
132 225 65
132 222 103
132 396 56
133 375 75
133 354 164
133 119 73
133 362 97
133 378 174
133 277 162
133 56 190
133 278 112
133 342 175
133 2 69
133 195 109
133 47 66
133 115 74
134 220 42
134 149 15
134 279 36
134 106 158
134 71 2
134 79 139
134 233 77
134 278 31
134 307 75
134 397 103
134 291 105
134 263 180
134 285 128
135 181 49
135 328 51
135 22 95
135 144 172
135 324 36
135 385 92
135 168 140
135 126 65
135 394 131
135 277 70
135 33 19
135 21 7
135 282 101
135 211 132
135 157 104
135 75 186
135 30 60
135 125 71
135 120 71
135 354 149
136 168 167
136 127 84
136 253 101
136 114 152
136 205 19
136 290 180
136 81 96
136 20 186
136 372 163
136 173 92
136 384 186
136 327 26
137 180 79
137 151 104
137 43 88
137 163 54
137 80 194
137 394 52
137 259 196
137 341 91
137 323 66
137 178 166
137 354 80
137 260 137
137 256 104
138 246 81
138 36 57
138 28 173
138 44 151
138 39 174
138 269 146
138 106 91
138 345 124
138 262 104
138 217 123
138 296 105
138 151 168
138 280 10
138 383 87
138 62 32
138 113 4
138 248 55
138 95 110
139 102 108
139 276 117
139 329 151
139 7 92
139 326 21
139 124 47
139 361 51
139 162 119
139 196 76
139 105 155
139 176 44
139 234 186
139 251 103
139 97 21
140 160 141
140 219 1
140 37 167
140 196 20
140 317 8
140 385 89
140 10 82
140 11 174
140 226 124
140 261 40
140 207 143
140 219 45
140 1 156
140 86 11
141 225 2
141 274 131
141 209 53
141 186 146
141 187 176
141 221 102
141 114 106
141 60 33
141 222 39
141 244 32
141 289 47
141 359 57
141 33 154
141 57 6
142 382 24
142 210 140
142 33 5
142 324 77
142 259 168
142 200 127
142 243 143
142 237 136
142 173 47
142 77 158
142 4 1
142 387 41
142 116 47
142 162 69
142 398 119
143 101 185
143 282 138
143 321 55
143 337 198
143 352 153
143 352 97
143 113 115
143 128 111
143 352 153
143 362 47
143 127 114
143 201 62
143 111 176
143 153 73
144 284 57
144 63 116
144 127 32
144 98 89
144 79 177
144 281 194
144 45 99
144 35 131
144 398 188
144 98 14
144 198 23
144 267 77
144 29 71
144 333 16
145 157 159
145 141 182
145 168 40
145 396 94
145 18 194
145 69 85
145 60 85
145 319 125
145 37 120
145 160 63
145 153 141
145 270 94
145 381 18
145 140 199
145 12 162
145 237 188
145 136 97
145 73 56
145 375 111
145 120 91
146 110 150
146 130 188
146 171 127
146 72 136
146 159 197
146 385 134
146 260 113
146 200 67
146 245 102
146 95 143
146 144 130
146 216 116
146 52 98
146 278 169
146 325 25
146 123 125
147 227 105
147 276 79
147 97 172
147 109 111
147 32 113
147 49 95
147 305 128
147 16 182
147 105 140
147 207 185
147 365 56
147 2 163
147 82 111
147 226 66
147 177 35
147 105 117
148 65 118
148 217 24
148 55 134
148 146 107
148 294 128
148 381 79
148 198 50
148 373 151
148 285 147
148 96 180
148 75 190
148 250 56
148 21 146
148 338 95
149 346 64
149 139 148
149 37 13
149 327 10
149 392 185
149 71 195
149 341 131
149 222 104
149 337 6
149 380 88
149 273 150
149 198 40
150 6 170
150 38 53
150 168 176
150 116 142
150 123 156
150 311 183
150 124 90
150 181 104
150 28 4
150 10 148
150 161 22
150 398 167
150 344 180
150 384 183
150 233 104
150 311 44
150 335 50
150 240 59
150 28 43
150 292 100
150 353 5
151 153 69
151 314 146
151 367 10
151 154 105
151 357 101
151 355 31
151 205 79
151 1 41
151 110 57
151 381 157
151 50 189
151 304 144
151 289 71
151 354 166
151 224 60
151 58 180
152 45 12
152 319 134
152 346 91
152 10 108
152 185 114
152 204 26
152 392 114
152 171 15
152 86 182
152 323 61
152 333 10
152 280 191
152 206 91
152 157 8
152 319 162
152 209 90
152 329 95
153 55 172
153 35 45
153 258 102
153 201 6
153 81 86
153 278 174
153 117 10
153 258 8
153 51 178
153 315 75
153 319 68
153 249 177
153 135 51
153 88 103
153 277 170
153 333 41
154 11 77
154 399 32
154 109 70
154 191 143
154 271 20
154 189 170
154 175 45
154 29 160
154 263 181
154 291 99
154 242 74
154 54 108
155 0 115
155 227 11
155 362 171
155 119 122
155 221 12
155 341 24
155 246 183
155 322 150
155 47 198
155 324 195
155 27 151
155 158 142
155 236 190
155 146 177
155 214 192
155 258 31
156 240 159
156 254 164
156 315 64
156 111 187
156 185 80
156 169 21
156 222 115
156 259 14
156 252 153
156 370 119
156 369 28
156 84 142
156 316 73
156 87 53
156 26 79
156 267 134
156 390 8
157 41 130
157 221 94
157 379 145
157 372 142
157 244 88
157 15 83
157 294 73
157 43 120
157 352 70
157 97 172
157 357 40
157 243 196
157 5 47
157 79 198
157 178 114
157 360 11
157 173 121
157 394 171
157 339 98
157 394 188
157 228 114
157 100 104
158 381 179
158 245 135
158 62 158
158 298 158
158 3 167
158 186 119
158 254 126
158 17 48
158 151 95
158 233 10
158 297 136
158 188 196
158 48 50
158 381 137
158 388 81
158 397 139
158 176 151
158 190 53
159 221 158
159 354 73
159 123 143
159 127 56
159 244 95
159 280 32
159 376 30
159 133 66
159 310 139
159 164 126
159 281 24
159 182 91
159 164 8
159 42 40
159 230 173
159 264 136
160 27 182
160 229 77
160 317 91
160 227 86
160 258 57
160 11 134
160 286 80
160 102 104
160 207 82
160 343 197
160 25 58
160 90 138
160 190 71
160 15 130
160 127 155
160 210 138
160 304 128
161 20 151
161 242 110
161 334 56
161 70 38
161 145 50
161 228 143
161 105 142
161 126 193
161 335 120
161 255 24
161 256 141
161 171 21
161 59 1
161 251 30
162 271 76
162 161 177
162 170 134
162 8 48
162 79 143
162 120 24
162 28 153
162 109 135
162 143 113
162 297 92
162 100 168
162 145 138
162 195 106
162 49 107
162 284 141
162 292 1
162 139 152
162 17 138
163 273 114
163 30 125
163 82 150
163 187 180
163 286 179
163 113 87
163 257 11
163 36 100
163 47 175
163 4 67
163 361 21
163 157 35
163 112 121
163 337 99
163 101 178
163 275 196
163 77 36
163 207 108
164 206 31
164 384 45
164 371 96
164 348 20
164 238 134
164 7 196
164 385 34
164 144 62
164 70 16
164 10 142
164 97 169
164 250 78
164 23 37
164 233 18
164 218 4
164 156 151
164 299 86
164 350 195
164 163 110
164 90 54
165 104 141
165 311 96
165 41 189
165 221 173
165 28 127
165 220 109
165 373 132
165 310 39
165 246 86
165 243 179
165 246 150
165 59 179
165 131 56
166 31 12
166 39 52
166 274 12
166 30 46
166 90 149
166 89 133
166 36 187
166 66 9
166 341 149
166 228 73
166 269 59
166 119 140
166 191 155
166 38 187
166 249 142
167 27 168
167 289 116
167 329 60
167 166 146
167 101 5
167 122 95
167 101 11
167 336 115
167 301 189
167 321 196
167 211 156
167 72 13
168 61 181
168 51 104
168 279 80
168 370 15
168 196 23
168 156 117
168 246 30
168 122 51
168 257 2
168 335 142
168 56 27
168 353 178
168 194 149
168 201 102
168 44 65
168 51 143
168 288 47
169 293 99
169 345 10
169 379 135
169 85 133
169 237 55
169 154 82
169 320 157
169 356 192
169 15 135
169 147 109
169 387 183
169 128 49
169 9 7
169 289 46
169 140 78
170 241 18
170 230 45
170 17 42
170 3 36
170 127 95
170 267 29
170 341 179
170 221 90
170 161 7
170 394 174
170 332 190
170 55 135
170 31 45
170 225 118
171 9 86
171 318 119
171 178 165
171 52 17
171 8 184
171 383 112
171 227 160
171 182 1
171 287 68
171 139 48
171 318 111
171 144 155
171 358 152
171 140 117
171 6 116
171 363 189
171 101 11
172 143 12
172 140 172
172 110 126
172 394 98
172 178 96
172 261 121
172 304 92
172 23 197
172 357 55
172 243 177
172 184 164
172 306 17
172 224 105
172 18 49
172 310 136
172 284 56
173 9 189
173 220 12
173 56 130
173 67 99
173 389 113
173 340 93
173 360 28
173 396 88
173 278 52
173 170 145
173 148 167
173 147 168
173 207 121
173 207 48
174 221 2
174 107 126
174 42 55
174 94 141
174 63 183
174 102 69
174 16 117
174 77 188
174 6 32
174 165 139
174 351 63
174 204 192
174 128 105
175 113 192
175 155 173
175 356 120
175 64 159
175 80 118
175 184 100
175 279 87
175 163 95
175 85 120
175 305 197
175 121 85
175 197 78
175 358 62
175 380 173
175 138 59
175 106 97
175 126 98
176 322 65
176 79 52
176 337 87
176 231 95
176 333 33
176 393 24
176 292 5
176 249 192
176 221 19
176 75 19
176 308 35
176 253 132
176 333 171
176 181 116
176 267 82
176 315 129
176 135 158
176 110 190
176 314 111
176 334 136
177 330 9
177 245 8
177 20 50
177 340 54
177 160 78
177 360 172
177 39 43
177 381 98
177 306 6
177 228 198
177 60 173
177 299 71
177 102 137
177 87 62
177 167 75
177 110 155
178 71 49
178 147 65
178 183 5
178 204 84
178 10 134
178 229 155
178 382 44
178 328 146
178 223 3
178 334 178
178 265 134
178 21 12
178 30 31
178 346 151
179 36 113
179 353 34
179 116 170
179 120 56
179 268 64
179 172 14
179 146 51
179 387 134
179 313 177
179 378 50
179 381 78
179 348 76
180 132 44
180 224 165
180 203 137
180 142 138
180 320 73
180 151 128
180 42 33
180 81 59
180 303 42
180 179 106
180 179 73
180 305 50
180 357 33
181 68 119
181 363 33
181 185 94
181 319 88
181 268 137
181 222 38
181 115 37
181 207 72
181 70 147
181 266 139
181 237 3
181 35 55
181 245 159
181 385 171
182 183 3
182 62 49
182 346 102
182 46 135
182 106 76
182 109 155
182 150 199
182 124 112
182 210 111
182 55 164
182 76 181
182 271 61
182 55 163
182 268 53
182 234 31
182 358 158
182 22 92
182 209 85
182 330 80
183 174 69
183 195 24
183 395 76
183 60 94
183 14 162
183 248 132
183 258 15
183 162 67
183 210 80
183 278 136
183 361 144
183 254 96
183 222 157
183 89 34
183 235 147
183 201 149
183 366 101
184 346 17
184 154 110
184 306 33
184 10 159
184 199 16
184 239 104
184 15 63
184 309 161
184 280 9
184 90 191
184 188 16
184 388 194
184 82 84
184 2 97
185 99 111
185 10 180
185 320 150
185 367 191
185 49 139
185 333 94
185 225 87
185 143 125
185 198 154
185 259 103
185 253 82
185 285 7
185 326 15
185 378 12
185 262 3
186 99 5
186 128 98
186 111 185
186 209 134
186 256 22
186 153 115
186 349 163
186 165 137
186 278 125
186 12 36
186 307 92
186 290 39
186 93 61
186 76 136
186 207 27
186 246 41
187 229 152
187 303 68
187 227 164
187 124 72
187 25 184
187 125 13
187 349 45
187 126 72
187 315 155
187 360 123
187 182 168
187 128 87
187 42 120
187 292 58
187 144 138
188 83 12
188 160 12
188 99 118
188 119 103
188 133 123
188 44 161
188 344 189
188 278 120
188 197 9
188 37 135
189 359 53
189 389 188
189 248 34
189 213 111
189 151 142
189 241 192
189 126 28
189 397 32
189 399 140
189 341 177
189 281 102
189 368 80
190 274 59
190 264 74
190 88 39
190 230 91
190 68 142
190 222 74
190 31 103
190 384 124
190 137 10
190 36 33
190 225 84
190 168 158
190 278 28
190 295 139
190 130 155
190 77 162
190 114 194
191 82 51
191 157 18
191 251 106
191 190 191
191 186 20
191 398 193
191 206 83
191 396 88
191 32 116
191 395 66
191 284 20
191 297 88
191 78 120
191 116 69
191 111 55
191 53 39
191 194 11
191 322 142
191 167 102
192 218 186
192 363 102
192 285 59
192 209 196
192 114 51
192 30 155
192 194 198
192 340 146
192 48 196
192 259 18
192 356 123
192 179 114
192 88 122
192 321 47
192 163 152
192 365 82
193 332 32
193 346 87
193 334 104
193 24 159
193 36 189
193 352 12
193 36 199
193 369 176
193 338 74
193 10 127
193 379 62
193 176 84
194 274 129
194 247 35
194 236 169
194 211 102
194 45 63
194 210 59
194 244 149
194 133 6
194 161 7
194 18 176
194 134 11
194 312 75
194 122 121
194 180 65
194 166 185
194 69 129
195 226 160
195 89 18
195 366 182
195 279 188
195 196 191
195 63 70
195 65 83
195 202 45
195 310 87
195 231 28
195 247 132
195 399 147
195 297 172
195 160 166
195 347 183
196 280 57
196 270 111
196 383 37
196 143 22
196 254 40
196 238 106
196 268 24
196 95 100
196 233 118
196 225 146
196 378 99
196 168 86
196 180 21
196 395 89
196 199 58
196 170 20
197 320 85
197 356 161
197 249 151
197 324 132
197 208 120
197 62 172
197 86 62
197 200 56
197 74 3
197 239 93
197 123 20
197 62 157
197 354 73
197 399 114
197 190 55
197 70 97
198 85 153
198 349 111
198 322 147
198 320 192
198 354 91
198 190 123
198 15 139
198 12 190
198 36 6
198 55 83
198 203 97
198 248 125
198 75 68
198 123 181
198 37 132
198 175 104
198 269 118
199 272 83
199 246 13
199 309 94
199 91 106
199 174 197
199 13 67
199 52 61
199 394 9
199 36 144
199 102 97
199 190 145
199 203 64
199 263 130
199 13 163
199 294 171
199 213 92
200 374 28
200 172 24
200 69 160
200 269 13
200 374 85
200 243 143
200 96 56
200 35 141
200 167 137
200 365 187
200 311 185
200 395 132
200 199 122
200 217 94
200 289 58
200 135 107
201 0 195
201 393 117
201 382 168
201 378 105
201 351 37
201 317 13
201 17 6
201 72 163
201 357 30
201 223 89
201 164 42
201 99 133
201 241 3
201 370 158
201 255 6
202 209 77
202 366 149
202 152 172
202 19 41
202 181 106
202 237 73
202 74 2
202 258 193
202 103 10
202 396 40
202 370 120
202 68 55
203 52 168
203 322 63
203 391 63
203 116 139
203 255 90
203 115 77
203 218 161
203 149 176
203 51 71
203 239 74
203 1 65
203 95 158
203 222 11
203 396 160
203 37 36
203 24 136
203 274 145
204 173 120
204 137 164
204 30 162
204 321 119
204 240 122
204 255 107
204 343 184
204 329 97
204 119 101
204 104 66
204 181 41
204 163 54
204 113 4
204 376 62
204 50 18
204 326 167
204 351 82
205 391 81
205 332 158
205 218 92
205 5 47
205 0 68
205 219 89
205 49 51
205 51 85
205 178 144
205 101 177
205 63 62
205 158 124
205 144 47
205 388 131
206 179 89
206 17 28
206 140 2
206 239 31
206 265 48
206 124 70
206 134 68
206 317 75
206 399 87
206 310 31
206 170 2
206 282 62
206 240 168
207 262 69
207 211 56
207 260 133
207 374 67
207 171 73
207 77 74
207 205 117
207 194 137
207 151 33
207 45 41
207 182 74
207 276 193
207 200 71
208 376 95
208 182 149
208 395 116
208 127 65
208 25 124
208 198 125
208 146 190
208 139 175
208 336 91
208 46 37
208 214 189
208 281 196
208 97 63
208 150 79
208 364 145
208 381 118
208 60 190
208 54 148
208 281 100
209 238 4
209 391 1
209 174 138
209 29 25
209 15 72
209 390 49
209 124 127
209 344 118
209 285 4
209 392 144
209 123 135
209 162 76
209 262 89
209 314 183
209 285 82
209 207 75
209 83 132
210 2 179
210 2 40
210 384 194
210 184 60
210 120 101
210 371 128
210 62 90
210 20 71
210 214 27
210 277 113
210 140 13
210 73 37
210 112 146
210 90 84
210 326 106
210 282 197
210 280 101
211 344 192
211 8 173
211 386 14
211 377 12
211 78 184
211 399 156
211 291 33
211 353 92
211 181 187
211 40 41
211 60 121
211 349 157
211 314 109
211 130 172
211 186 140
211 235 12
211 327 186
211 13 45
211 286 130
212 87 145
212 97 170
212 117 59
212 196 85
212 15 184
212 65 142
212 173 116
212 47 93
212 256 155
212 259 47
212 271 159
212 96 38
212 26 183
213 365 16
213 375 176
213 16 137
213 387 39
213 48 84
213 30 163
213 361 72
213 210 111
213 82 191
213 228 194
213 321 179
213 211 132
213 5 131
214 348 120
214 177 123
214 96 140
214 71 136
214 212 23
214 150 54
214 106 197
214 61 16
214 209 161
214 28 179
214 177 27
214 326 153
214 280 194
214 329 11
214 116 35
215 42 45
215 365 178
215 219 66
215 273 148
215 94 105
215 163 131
215 119 136
215 48 160
215 94 67
215 124 174
216 343 169
216 102 45
216 236 26
216 346 14
216 102 20
216 308 110
216 236 158
216 21 38
216 7 148
216 104 199
216 42 55
216 227 82
216 60 1
216 29 163
216 273 194
217 322 109
217 152 143
217 147 153
217 259 107
217 253 163
217 201 169
217 40 28
217 51 95
217 362 100
217 367 84
217 161 119
217 224 38
217 325 77
217 330 70
217 252 132
217 155 188
217 181 134
217 161 143
218 8 23
218 150 80
218 152 185
218 25 191
218 30 137
218 310 26
218 199 54
218 361 198
218 165 121
218 373 115
218 202 130
218 105 164
218 90 130
218 107 120
218 243 113
219 225 14
219 276 176
219 327 33
219 125 194
219 129 31
219 358 171
219 361 66
219 243 181
219 240 187
219 125 107
219 302 61
219 305 12
219 230 75
219 0 142
219 242 106
220 234 4
220 43 68
220 325 6
220 282 179
220 267 139
220 392 51
220 357 174
220 156 159
220 98 190
220 163 173
220 31 135
220 304 138
220 146 30
220 210 3
220 119 154
220 206 29
221 308 127
221 37 24
221 135 47
221 304 166
221 334 8
221 338 155
221 135 183
221 77 7
221 337 83
221 188 170
221 168 78
221 125 28
221 276 115
221 82 139
221 99 113
221 258 189
221 115 148
221 333 37
222 190 59
222 174 173
222 300 8
222 64 28
222 187 96
222 171 195
222 315 182
222 136 182
222 130 9
222 2 171
222 237 144
222 91 62
222 183 95
222 313 154
222 242 180
222 336 178
222 163 18
222 66 142
223 171 104
223 287 153
223 261 139
223 184 156
223 369 58
223 316 164
223 237 101
223 356 67
223 185 116
223 190 178
223 81 44
223 172 182
224 96 182
224 75 10
224 31 122
224 35 130
224 29 184
224 162 56
224 65 28
224 286 94
224 54 85
224 114 11
224 356 115
224 324 94
224 253 105
224 125 192
224 305 150
225 69 139
225 377 107
225 392 147
225 214 70
225 395 20
225 170 85
225 193 75
225 188 66
225 236 128
225 102 149
225 68 106
225 322 53
225 215 119
225 355 10
225 339 131
225 187 188
225 384 157
225 385 13
226 83 52
226 358 128
226 85 9
226 29 40
226 371 121
226 123 159
226 261 59
226 116 86
226 188 101
226 326 160
226 209 66
226 275 126
226 286 47
226 20 74
226 147 160
227 128 199
227 145 188
227 305 82
227 162 107
227 267 97
227 51 112
227 22 10
227 254 102
227 209 103
227 57 106
227 43 114
227 21 166
227 221 179
227 150 96
227 370 153
227 355 34
227 308 66
228 385 189
228 188 195
228 247 31
228 124 74
228 164 145
228 353 114
228 363 93
228 325 18
228 151 66
228 101 9
228 5 177
228 123 138
228 388 68
228 114 7
228 334 10
229 30 25
229 139 65
229 2 73
229 298 125
229 363 86
229 245 168
229 281 180
229 130 178
229 95 95
229 27 76
229 29 66
229 170 12
229 17 115
229 242 63
229 283 123
229 395 166
230 253 55
230 126 8
230 250 151
230 169 40
230 397 27
230 78 15
230 395 25
230 349 64
230 45 151
230 167 98
230 338 119
230 137 7
230 220 134
230 149 129
231 379 176
231 193 83
231 79 160
231 181 14
231 6 46
231 156 40
231 370 68
231 331 124
231 85 140
231 333 188
231 399 91
231 332 35
232 236 91
232 357 22
232 94 43
232 265 139
232 26 133
232 195 174
232 17 92
232 31 74
232 14 138
232 271 139
232 303 145
232 72 58
232 145 158
232 374 86
233 262 191
233 299 135
233 266 112
233 26 11
233 50 132
233 392 17
233 136 41
233 245 99
233 361 69
233 45 155
233 164 87
233 267 46
233 286 19
233 26 57
233 234 44
233 256 192
234 77 6
234 75 19
234 164 12
234 260 9
234 80 195
234 196 147
234 193 83
234 307 145
234 105 94
234 355 197
234 20 169
234 7 49
234 375 83
234 53 110
234 371 86
234 231 120
234 224 62
235 388 177
235 31 46
235 252 30
235 78 105
235 171 172
235 357 172
235 54 62
235 46 11
235 382 118
235 22 165
235 316 74
235 195 146
235 131 88
235 31 25
235 197 136
235 359 98
235 222 28
235 75 76
236 360 165
236 278 107
236 395 95
236 49 184
236 91 56
236 335 48
236 23 13
236 134 161
236 250 183
236 348 75
236 92 39
237 125 165
237 258 13
237 271 197
237 394 46
237 253 19
237 354 149
237 389 1
237 53 54
237 72 95
237 282 95
237 93 55
237 87 103
237 194 28
237 256 26
237 318 85
238 397 156
238 206 26
238 215 39
238 313 40
238 86 147
238 87 131
238 376 181
238 138 154
238 311 84
238 129 177
238 116 75
238 205 173
238 253 76
238 58 156
238 233 32
238 274 98
238 246 112
238 43 174
238 245 182
238 66 18
238 369 147
238 147 38
239 336 57
239 380 153
239 263 10
239 126 61
239 274 169
239 235 119
239 351 116
239 86 149
239 164 34
239 139 150
239 123 6
239 159 116
239 220 144
239 329 180
239 57 108
240 228 192
240 133 5
240 399 92
240 121 19
240 315 199
240 276 45
240 78 180
240 115 138
240 199 36
240 305 57
240 177 117
240 288 151
240 6 143
240 199 122
240 354 197
240 63 109
241 132 154
241 44 109
241 55 109
241 176 43
241 308 194
241 220 61
241 39 90
241 363 58
241 150 52
241 74 78
241 365 155
241 33 126
241 66 9
241 303 39
242 70 39
242 295 58
242 184 87
242 72 47
242 362 189
242 2 148
242 116 20
242 259 179
242 49 158
242 250 100
242 15 142
242 248 113
242 188 113
242 103 1
242 51 171
243 387 104
243 21 55
243 10 22
243 309 74
243 79 150
243 370 167
243 232 121
243 35 34
243 248 172
243 138 21
243 394 100
244 363 176
244 120 147
244 33 99
244 195 195
244 182 95
244 181 57
244 174 176
244 276 51
244 232 22
244 350 192
244 40 58
244 51 95
245 47 163
245 258 17
245 151 124
245 376 8
245 215 48
245 100 47
245 192 147
245 87 32
245 206 181
245 32 48
245 127 83
245 149 143
245 317 6
245 386 15
245 214 129
245 41 6
245 261 23
245 306 83
246 373 7
246 152 95
246 316 57
246 82 126
246 207 13
246 255 36
246 317 9
246 44 19
246 340 39
246 318 67
246 325 100
246 53 145
246 71 6
246 337 79
246 3 168
247 140 18
247 70 80
247 257 188
247 148 114
247 349 91
247 343 88
247 135 24
247 145 156
247 167 71
247 381 181
247 345 140
247 179 58
248 284 121
248 39 80
248 133 176
248 73 186
248 28 120
248 42 144
248 218 21
248 119 109
248 274 53
248 168 139
248 107 10
248 195 16
248 387 193
249 113 141
249 180 180
249 128 52
249 89 155
249 105 126
249 385 10
249 12 105
249 16 43
249 264 155
249 188 130
249 31 29
249 270 160
249 81 111
249 38 52
249 300 2
249 150 176
249 212 13
249 38 189
249 186 106
249 113 154
250 162 70
250 154 137
250 313 176
250 9 31
250 209 110
250 0 173
250 28 28
250 230 172
250 195 95
250 144 22
250 57 98
250 155 72
250 176 116
250 148 193
251 48 61
251 28 156
251 80 196
251 203 27
251 49 101
251 198 160
251 185 122
251 329 113
251 352 171
251 215 78
251 289 79
251 259 18
251 391 108
251 319 107
252 398 196
252 372 102
252 119 22
252 53 144
252 34 34
252 56 25
252 95 175
252 170 13
252 189 41
252 27 86
252 33 114
252 40 145
252 383 42
252 19 97
252 213 137
252 129 141
253 325 152
253 81 76
253 172 84
253 256 164
253 357 125
253 82 190
253 34 38
253 180 47
253 121 36
253 11 103
253 21 6
253 76 178
253 206 115
254 203 76
254 74 82
254 247 195
254 305 72
254 376 182
254 250 108
254 193 152
254 67 67
254 240 125
254 354 143
254 93 28
254 239 4
254 276 111
254 175 2
255 327 185
255 128 24
255 63 12
255 128 179
255 42 191
255 387 165
255 15 170
255 372 189
255 174 73
255 49 100
255 267 84
255 345 38
255 314 9
255 235 194
255 388 148
255 147 107
255 61 90
256 79 110
256 335 121
256 22 80
256 268 119
256 70 33
256 379 182
256 377 34
256 353 130
256 41 56
256 313 199
256 84 133
256 271 155
256 118 161
256 91 112
256 239 22
256 46 18
256 288 30
256 25 18
256 217 131
257 268 141
257 92 59
257 270 22
257 6 91
257 206 98
257 120 50
257 273 174
257 213 141
257 316 58
257 280 15
257 50 73
257 342 21
257 373 106
257 29 181
257 296 103
258 158 121
258 381 108
258 306 117
258 121 194
258 103 12
258 345 135
258 86 198
258 267 164
258 365 176
258 153 86
259 248 189
259 341 57
259 206 120
259 81 15
259 118 55
259 296 54
259 93 54
259 2 6
259 227 151
259 245 181
259 389 93
259 0 36
259 47 71
259 239 93
259 69 4
259 193 32
259 184 20
259 335 29
260 353 125
260 307 115
260 152 8
260 331 43
260 376 176
260 382 4
260 237 22
260 309 149
260 264 113
260 147 67
261 257 46
261 349 46
261 395 172
261 27 12
261 226 59
261 79 159
261 7 77
261 274 156
261 299 131
261 130 23
261 58 77
261 395 38
261 289 32
261 122 50
261 286 58
262 348 137
262 341 151
262 337 71
262 386 190
262 60 98
262 95 75
262 267 18
262 323 86
262 274 154
262 340 58
262 346 179
262 68 94
262 316 162
262 198 54
262 154 134
262 351 140
262 125 10
262 172 137
262 38 137
262 375 173
262 67 68
262 183 165
263 214 10
263 169 199
263 286 190
263 202 191
263 359 130
263 364 27
263 398 148
263 392 45
263 352 4
263 360 118
263 317 5
263 132 159
263 351 126
263 16 67
263 105 14
264 15 98
264 11 167
264 37 21
264 6 155
264 336 29
264 5 41
264 18 108
264 320 35
264 176 25
264 385 100
264 303 191
264 299 187
264 33 167
264 208 1
264 36 75
265 219 133
265 51 82
265 63 188
265 382 166
265 48 37
265 80 111
265 395 77
265 162 29
265 196 145
265 37 87
265 125 62
265 284 128
265 218 117
265 243 142
265 230 135
266 30 113
266 193 31
266 103 109
266 124 144
266 107 94
266 252 151
266 3 45
266 129 49
266 110 99
266 78 173
266 68 176
266 283 176
266 336 87
266 80 37
267 291 77
267 89 162
267 147 145
267 120 76
267 60 57
267 361 109
267 76 39
267 319 59
267 31 7
267 99 63
267 310 186
267 315 10
267 29 187
267 249 98
267 33 10
267 160 61
267 204 25
267 283 87
268 315 112
268 322 94
268 362 123
268 100 139
268 195 89
268 388 85
268 389 153
268 369 169
268 287 58
268 28 121
268 191 72
269 22 67
269 308 113
269 138 157
269 300 75
269 113 160
269 150 93
269 306 47
269 110 74
269 232 93
269 0 114
269 266 27
269 287 77
269 238 197
270 329 141
270 249 67
270 90 155
270 114 153
270 353 13
270 35 95
270 189 84
270 378 150
270 186 20
270 26 112
271 373 155
271 139 74
271 225 117
271 298 50
271 197 126
271 375 187
271 265 92
271 192 38
271 247 131
271 112 73
271 353 88
271 133 95
271 308 183
271 61 54
271 281 52
271 300 8
271 391 27
271 298 56
272 344 78
272 246 181
272 368 167
272 55 70
272 271 124
272 151 160
272 354 164
272 159 168
272 353 143
272 380 73
272 133 77
272 238 195
272 92 142
273 107 10
273 165 62
273 294 49
273 348 5
273 370 120
273 85 57
273 200 11
273 385 163
273 131 35
273 241 138
273 352 78
273 195 182
273 345 83
273 182 45
274 216 40
274 324 56
274 52 190
274 178 93
274 128 130
274 64 143
274 227 135
274 57 121
274 399 122
274 255 15
274 44 94
274 294 117
274 10 140
274 61 88
274 279 153
275 27 105
275 284 117
275 319 80
275 329 199
275 116 33
275 192 109
275 234 153
275 230 196
275 216 106
275 181 167
275 0 50
275 0 81
275 145 33
275 154 72
276 249 157
276 128 137
276 300 167
276 218 142
276 181 20
276 338 26
276 287 26
276 250 41
276 6 99
276 240 42
276 384 10
276 230 128
276 354 120
276 31 120
276 298 21
276 311 148
277 247 97
277 211 161
277 264 153
277 356 145
277 89 127
277 135 5
277 102 76
277 185 88
277 325 157
277 251 74
277 219 194
277 135 82
278 208 68
278 241 3
278 355 96
278 320 192
278 281 23
278 366 137
278 117 37
278 199 23
278 369 131
278 367 78
278 321 1
278 162 86
278 163 99
278 337 162
278 122 133
278 332 44
279 347 184
279 101 50
279 267 52
279 71 25
279 161 114
279 225 62
279 282 141
279 394 152
279 359 144
279 166 146
279 120 133
279 130 144
280 231 19
280 342 88
280 61 115
280 67 100
280 247 24
280 119 142
280 181 121
280 325 131
280 227 4
280 48 22
280 196 31
280 393 154
280 102 87
280 42 115
280 283 26
280 360 130
280 25 161
281 387 62
281 98 174
281 399 108
281 140 184
281 151 76
281 39 138
281 350 194
281 21 1
281 174 117
281 196 173
281 126 70
281 347 92
281 43 39
281 278 4
282 181 29
282 80 20
282 12 74
282 259 47
282 19 198
282 15 110
282 140 149
282 104 28
282 304 99
282 38 179
282 268 165
282 201 10
282 222 131
282 182 149
282 105 194
282 249 89
283 288 147
283 18 125
283 373 58
283 296 199
283 323 31
283 109 141
283 130 186
283 108 168
283 66 33
283 178 71
283 396 194
284 376 109
284 290 20
284 312 28
284 119 108
284 169 64
284 21 198
284 341 95
284 276 36
284 219 84
284 120 126
284 154 134
285 294 45
285 325 5
285 296 66
285 17 96
285 290 171
285 149 195
285 109 44
285 40 93
285 342 118
285 50 38
285 207 102
285 41 36
285 346 58
286 68 172
286 90 35
286 248 74
286 84 70
286 144 91
286 331 166
286 389 140
286 95 20
286 46 50
286 38 44
286 181 199
286 198 125
286 290 171
286 327 173
286 90 165
287 49 78
287 317 107
287 152 53
287 331 133
287 52 81
287 210 142
287 253 137
287 314 189
287 16 3
287 5 154
287 358 157
287 207 41
287 323 52
287 153 128
287 23 43
288 384 134
288 375 76
288 174 88
288 65 179
288 242 175
288 217 130
288 261 92
288 182 167
288 188 147
288 36 150
288 14 168
288 121 80
288 333 192
288 280 159
288 238 75
288 286 126
288 77 55
288 56 90
288 147 190
288 313 197
289 66 79
289 367 184
289 243 169
289 124 33
289 159 121
289 357 21
289 85 22
289 158 83
289 42 133
289 78 166
289 287 27
290 212 172
290 206 123
290 56 177
290 143 86
290 18 173
290 4 73
290 326 178
290 300 64
290 145 123
290 307 99
290 243 195
290 366 13
290 213 140
290 183 153
290 170 110
291 196 191
291 169 89
291 141 163
291 142 41
291 243 137
291 37 9
291 326 144
291 130 154
291 131 113
291 159 157
291 161 197
291 187 5
292 370 90
292 276 102
292 399 58
292 354 188
292 108 109
292 157 130
292 380 148
292 50 89
292 196 49
292 221 195
292 383 138
292 192 43
292 273 89
293 119 30
293 271 31
293 161 45
293 352 16
293 212 124
293 260 45
293 89 96
293 356 112
293 79 69
293 242 130
294 8 123
294 93 108
294 111 61
294 247 100
294 108 79
294 343 68
294 86 101
294 126 80
294 385 78
294 26 1
294 270 136
294 322 30
294 11 167
294 138 122
294 380 138
294 374 60
294 79 91
294 361 117
294 192 87
294 398 175
294 137 183
295 337 75
295 305 15
295 289 110
295 323 135
295 397 176
295 19 131
295 170 144
295 386 107
295 22 168
295 266 26
295 131 123
295 324 5
295 146 47
295 293 127
295 123 42
295 55 44
295 375 169
295 65 175
295 53 144
296 366 28
296 254 196
296 10 131
296 81 134
296 288 28
296 181 133
296 188 28
296 120 25
296 152 179
296 281 70
296 254 13
296 95 113
296 212 105
296 380 146
296 343 32
296 97 83
297 139 181
297 286 198
297 1 53
297 148 133
297 318 1
297 126 130
297 171 186
297 265 32
297 320 3
297 201 59
297 272 155
297 368 158
297 185 62
298 322 135
298 249 188
298 69 177
298 314 176
298 149 90
298 277 98
298 334 45
298 243 50
298 301 28
298 112 24
298 178 56
298 233 191
298 281 8
298 301 141
298 346 187
298 196 182
299 321 174
299 10 17
299 16 127
299 78 96
299 46 168
299 148 99
299 87 48
299 354 83
299 382 111
299 332 193
299 119 171
299 310 157
299 26 157
299 124 95
299 188 78
300 142 63
300 315 27
300 269 35
300 117 139
300 297 86
300 133 149
300 87 43
300 258 65
300 352 135
300 346 91
300 106 101
300 136 170
300 239 5
300 109 89
300 2 24
300 258 90
300 19 68
300 107 124
301 88 79
301 10 146
301 73 60
301 369 60
301 340 27
301 222 127
301 349 62
301 358 159
301 341 186
301 353 109
301 234 186
301 200 95
301 379 184
302 161 129
302 209 181
302 74 150
302 198 27
302 158 182
302 1 192
302 40 179
302 315 100
302 226 132
302 346 133
302 124 178
302 136 82
302 226 81
302 260 182
303 242 158
303 135 69
303 214 69
303 144 46
303 59 90
303 131 183
303 21 67
303 17 134
303 309 196
303 15 104
303 238 156
303 151 198
303 384 86
303 121 167
303 82 17
303 365 94
303 308 96
303 229 81
303 367 24
303 395 182
304 22 118
304 350 29
304 179 184
304 246 144
304 240 108
304 339 155
304 59 106
304 380 54
304 289 108
304 27 141
304 122 20
304 114 191
304 386 29
304 94 101
304 340 188
305 297 149
305 71 177
305 358 146
305 126 172
305 133 187
305 88 73
305 189 1
305 85 158
305 399 118
305 159 162
305 167 85
305 86 100
305 80 64
305 281 141
306 180 28
306 283 180
306 146 46
306 362 123
306 9 41
306 398 121
306 363 61
306 139 2
306 57 41
306 227 138
306 134 139
306 360 180
306 89 141
306 160 172
306 321 59
306 327 61
307 53 94
307 107 126
307 153 29
307 64 33
307 155 23
307 197 159
307 278 123
307 35 145
307 391 117
307 366 144
307 98 79
307 232 59
307 20 52
307 358 41
307 64 114
307 72 88
308 100 177
308 223 66
308 98 105
308 381 70
308 357 110
308 3 67
308 303 120
308 333 167
308 80 25
308 10 156
308 246 34
308 159 167
308 288 110
308 138 21
308 315 186
308 372 71
309 305 139
309 160 199
309 321 56
309 223 4
309 307 94
309 2 47
309 138 97
309 259 12
309 153 3
309 44 129
309 345 74
309 216 182
309 55 160
309 136 115
309 166 35
310 31 102
310 151 106
310 86 57
310 379 73
310 188 40
310 122 20
310 240 107
310 5 158
310 142 188
310 213 190
310 110 164
310 48 196
310 221 110
310 180 23
310 383 108
310 303 115
310 31 73
310 129 105
310 12 98
311 10 97
311 143 188
311 93 72
311 42 97
311 164 54
311 113 186
311 42 9
311 288 4
311 188 66
311 219 131
311 6 75
311 199 21
311 340 112
311 110 144
311 41 71
312 111 188
312 220 24
312 219 44
312 110 172
312 290 116
312 243 113
312 306 197
312 302 198
312 190 113
312 96 83
312 199 4
312 78 144
312 357 159
313 33 193
313 325 172
313 249 115
313 285 119
313 43 166
313 209 15
313 98 157
313 244 98
313 361 141
313 293 183
313 206 82
313 140 85
313 205 58
313 280 82
313 385 10
313 342 63
313 156 55
313 204 1
313 39 11
313 283 131
313 248 14
314 101 85
314 15 116
314 180 168
314 108 165
314 178 116
314 228 54
314 344 183
314 352 84
314 194 82
314 128 174
314 293 190
314 388 85
315 168 15
315 360 60
315 399 176
315 372 64
315 346 37
315 15 27
315 211 60
315 5 25
315 328 179
315 343 88
315 40 143
315 239 81
315 160 163
315 145 44
315 282 43
315 363 30
315 66 22
316 358 146
316 153 54
316 186 145
316 197 155
316 36 17
316 214 137
316 129 47
316 186 151
316 295 109
316 313 15
316 126 76
316 246 144
316 349 159
316 384 7
316 386 138
316 200 40
316 49 126
317 3 64
317 125 28
317 380 107
317 142 196
317 87 78
317 314 87
317 70 115
317 165 186
317 83 47
317 53 161
317 196 70
317 199 198
317 125 98
317 339 42
318 284 53
318 170 6
318 184 23
318 12 57
318 89 8
318 127 73
318 286 79
318 298 177
318 73 134
318 160 127
318 339 34
318 395 17
318 121 163
318 18 75
318 106 13
319 33 131
319 138 24
319 23 131
319 161 45
319 11 101
319 32 100
319 129 27
319 269 183
319 339 59
319 86 42
319 213 144
319 275 3
319 179 82
319 165 161
319 399 176
319 62 31
319 28 144
319 279 148
319 359 190
320 92 168
320 195 156
320 334 174
320 390 182
320 128 155
320 96 127
320 283 158
320 254 121
320 161 133
320 177 150
320 190 122
320 30 173
320 311 20
320 54 125
320 211 110
320 257 129
320 294 187
321 79 124
321 257 22
321 398 48
321 86 85
321 41 152
321 267 114
321 121 123
321 301 176
321 248 64
321 393 133
321 44 25
321 9 54
321 199 159
321 302 110
321 285 91
321 370 196
321 289 11
321 349 157
321 280 131
321 137 141
322 122 182
322 118 83
322 36 117
322 179 133
322 367 65
322 157 175
322 315 186
322 117 148
322 137 117
322 6 11
322 221 96
322 326 106
322 327 132
322 24 11
322 269 113
323 362 52
323 100 58
323 316 75
323 178 181
323 182 146
323 157 191
323 272 38
323 369 169
323 217 185
323 144 85
323 95 53
323 107 59
323 374 89
323 205 144
323 47 115
324 135 119
324 353 153
324 166 91
324 129 197
324 244 190
324 41 19
324 163 127
324 66 51
324 245 31
324 178 3
324 135 37
324 228 90
324 398 171
324 393 192
324 143 105
325 180 65
325 293 122
325 309 106
325 274 73
325 32 25
325 196 25
325 217 138
325 250 112
325 243 154
325 257 5
325 369 178
325 182 169
325 291 129
325 185 161
325 227 131
325 390 102
325 338 2
326 109 33
326 190 159
326 93 122
326 14 120
326 374 10
326 85 61
326 112 36
326 17 113
326 340 106
326 366 185
326 29 132
326 240 32
326 85 56
326 54 187
327 310 92
327 200 97
327 83 163
327 387 76
327 160 66
327 98 96
327 75 15
327 322 139
327 204 160
327 307 143
327 111 196
327 182 162
327 397 33
327 210 121
327 369 115
328 231 194
328 200 189
328 166 2
328 24 122
328 65 103
328 199 176
328 368 21
328 132 3
328 295 3
328 197 188
328 321 149
328 238 180
328 122 189
328 108 174
328 275 199
328 52 49
329 82 172
329 223 166
329 127 118
329 18 118
329 221 148
329 158 125
329 53 170
329 34 113
329 97 109
329 256 116
329 274 138
329 241 97
329 215 179
329 150 12
329 148 170
329 314 196
329 367 49
329 240 166
330 57 159
330 279 131
330 245 29
330 149 178
330 119 65
330 220 67
330 188 86
330 16 3
330 358 135
330 252 143
330 192 143
330 4 101
330 256 1
330 82 167
330 293 3
330 88 51
331 249 146
331 72 134
331 171 80
331 287 54
331 384 135
331 369 31
331 306 115
331 54 56
331 105 55
331 3 35
331 325 75
331 307 8
331 60 73
332 141 195
332 123 151
332 271 30
332 322 102
332 115 185
332 101 192
332 370 37
332 19 160
332 193 79
332 33 181
332 364 123
332 318 72
332 247 76
332 306 10
332 245 181
332 265 160
332 209 174
333 119 64
333 379 38
333 288 132
333 8 190
333 287 116
333 350 195
333 121 176
333 67 127
333 372 155
333 19 180
333 112 172
333 395 72
333 114 1
333 339 67
333 252 186
333 130 34
334 72 103
334 21 118
334 105 168
334 143 172
334 170 82
334 68 179
334 324 78
334 180 139
334 366 114
334 197 55
334 27 139
334 374 18
334 15 5
334 386 139
334 84 119
335 270 74
335 353 67
335 298 150
335 322 67
335 90 150
335 6 64
335 368 23
335 365 160
335 241 196
335 219 175
335 351 125
335 151 192
335 271 104
335 254 133
335 236 96
335 17 123
335 323 114
335 110 116
336 62 129
336 139 158
336 310 10
336 62 121
336 246 83
336 236 102
336 71 111
336 227 183
336 63 118
336 149 69
336 36 88
336 302 76
336 67 167
336 2 59
336 113 57
337 65 53
337 123 186
337 54 102
337 84 153
337 192 55
337 288 103
337 180 52
337 109 86
337 118 112
337 298 56
337 254 11
337 65 156
337 188 110
337 61 187
337 173 131
337 38 10
337 36 183
337 86 50
337 103 176
337 257 173
337 240 155
337 229 94
338 202 164
338 149 143
338 298 55
338 386 137
338 265 22
338 120 83
338 299 158
338 133 165
338 377 188
338 93 186
338 361 85
338 293 142
338 375 138
338 57 199
338 367 43
338 88 184
338 318 153
338 234 47
338 293 127
338 213 78
338 349 97
339 290 138
339 183 17
339 28 13
339 23 119
339 276 41
339 0 143
339 23 31
339 53 188
339 261 154
339 285 151
339 321 72
339 153 158
339 304 77
339 241 183
339 125 151
339 323 21
339 361 175
340 279 127
340 289 164
340 118 193
340 329 118
340 396 13
340 193 71
340 34 59
340 200 148
340 266 162
340 322 110
340 302 146
340 161 31
340 389 39
340 84 175
340 299 36
341 275 86
341 243 66
341 328 63
341 220 106
341 52 24
341 81 93
341 20 195
341 353 96
341 165 137
341 192 138
341 243 54
341 13 96
341 176 198
341 227 72
342 85 56
342 335 88
342 358 118
342 19 123
342 298 112
342 314 165
342 190 113
342 77 5
342 399 129
342 155 170
342 49 101
343 266 5
343 230 83
343 38 79
343 193 180
343 320 68
343 250 28
343 59 51
343 161 67
343 345 47
343 294 14
343 194 190
344 298 188
344 148 121
344 24 99
344 61 57
344 390 53
344 271 126
344 284 128
344 270 120
344 128 168
344 109 76
344 19 82
344 271 81
344 140 13
344 66 157
344 227 92
344 234 112
344 220 178
344 95 42
345 372 194
345 143 192
345 179 159
345 42 45
345 68 193
345 11 96
345 286 198
345 360 106
345 176 55
345 101 26
345 230 63
345 315 25
345 19 157
345 148 84
345 310 44
345 149 38
346 66 50
346 163 133
346 173 95
346 313 78
346 93 92
346 269 153
346 119 173
346 52 52
346 318 114
346 16 162
347 85 139
347 271 178
347 298 100
347 41 153
347 357 63
347 139 35
347 110 108
347 149 154
347 150 159
347 227 187
347 317 81
347 302 16
347 282 143
347 279 11
347 316 135
347 318 73
347 198 35
347 269 90
348 398 19
348 285 100
348 373 197
348 230 7
348 292 109
348 170 115
348 30 86
348 360 1
348 43 158
348 377 149
348 14 181
348 194 130
348 101 64
348 158 131
348 224 50
348 40 194
348 81 119
348 324 193
348 120 60
348 174 115
349 156 147
349 139 50
349 188 74
349 363 89
349 339 121
349 157 40
349 220 157
349 147 190
349 147 56
349 137 39
349 106 97
349 116 166
349 239 147
349 312 79
349 70 114
349 308 53
350 163 197
350 253 160
350 153 13
350 36 69
350 131 163
350 276 171
350 62 198
350 106 184
350 69 66
350 181 72
350 124 44
350 171 148
350 47 11
351 164 73
351 285 5
351 272 74
351 249 169
351 269 3
351 14 97
351 155 152
351 252 181
351 398 64
351 66 49
351 252 76
352 373 170
352 285 92
352 376 62
352 311 13
352 200 177
352 62 9
352 265 67
352 85 118
352 41 39
352 376 197
352 247 21
352 131 198
352 90 118
352 211 154
352 267 188
352 168 128
352 264 74
352 174 101
353 345 60
353 135 50
353 235 139
353 293 123
353 45 96
353 145 6
353 311 178
353 191 23
353 64 3
353 374 93
353 232 72
353 159 78
353 196 98
353 388 89
354 134 7
354 59 77
354 330 165
354 276 104
354 65 43
354 321 160
354 112 63
354 6 112
354 251 42
354 104 174
354 181 74
354 337 15
355 275 132
355 70 169
355 307 54
355 21 176
355 266 129
355 238 54
355 280 30
355 264 17
355 255 19
355 224 26
355 344 41
355 97 117
355 169 163
355 247 25
355 156 123
355 109 178
355 143 189
355 207 158
356 129 83
356 44 139
356 241 101
356 245 102
356 334 160
356 160 3
356 394 54
357 345 118
357 348 191
357 117 86
357 168 177
357 196 179
357 172 170
357 234 58
357 282 146
357 201 197
357 65 109
357 284 170
357 40 108
357 318 79
357 237 45
357 392 115
357 396 145
357 265 61
358 120 52
358 13 93
358 16 87
358 125 79
358 359 103
358 304 87
358 249 142
358 15 163
358 242 11
358 136 153
358 266 199
358 275 166
358 147 43
358 273 167
359 92 104
359 19 139
359 151 61
359 350 40
359 39 42
359 285 160
359 55 89
359 3 189
359 253 124
359 307 91
359 102 37
359 250 107
359 12 114
359 241 81
360 171 44
360 222 24
360 217 120
360 163 159
360 70 46
360 6 68
360 16 81
360 105 28
360 363 71
360 304 86
360 105 79
360 60 46
360 355 23
360 40 153
360 83 168
360 148 184
361 48 62
361 70 164
361 304 46
361 245 119
361 140 2
361 368 31
361 380 156
361 19 128
361 140 40
361 105 98
361 313 198
361 82 126
361 252 46
361 243 49
361 366 184
361 252 135
361 100 17
361 48 152
361 232 116
362 395 80
362 337 65
362 134 19
362 271 192
362 9 76
362 392 57
362 28 168
362 28 12
362 378 97
362 284 115
362 335 58
362 260 153
362 289 169
362 40 160
362 20 75
362 212 185
363 201 66
363 341 179
363 47 181
363 147 134
363 287 38
363 208 128
363 240 121
363 45 165
363 351 178
363 284 92
363 224 63
363 2 71
363 205 37
363 27 20
363 21 164
363 283 190
363 289 78
364 236 173
364 171 184
364 218 197
364 371 13
364 199 107
364 59 59
364 225 98
364 89 103
364 182 50
364 78 120
364 224 178
364 394 50
364 63 117
365 248 100
365 280 152
365 254 117
365 231 190
365 330 132
365 52 95
365 277 19
365 247 61
365 222 101
365 291 157
365 317 189
365 50 195
365 160 80
365 286 45
366 49 20
366 118 96
366 185 140
366 345 41
366 217 34
366 45 134
366 223 47
366 327 130
366 396 135
366 216 182
366 32 45
366 329 57
366 2 79
366 121 86
366 334 118
366 373 110
366 165 54
366 45 45
366 337 42
366 380 124
367 336 45
367 153 115
367 372 102
367 162 42
367 202 35
367 280 89
367 353 53
367 199 118
367 108 196
367 321 67
367 222 144
367 247 127
367 314 21
367 90 67
367 275 89
367 380 28
368 248 60
368 111 113
368 219 88
368 160 184
368 342 159
368 263 83
368 104 3
368 244 133
368 148 63
368 147 11
368 134 70
368 343 46
368 6 37
368 157 69
368 398 25
368 72 194
368 165 14
369 305 113
369 29 5
369 258 57
369 398 153
369 255 157
369 391 12
369 82 177
369 336 106
369 123 141
369 23 3
369 212 127
369 222 177
369 243 123
369 84 119
369 355 35
369 346 71
369 341 140
370 195 112
370 297 79
370 32 129
370 191 31
370 268 161
370 386 88
370 299 175
370 374 197
370 47 36
370 4 163
370 231 74
370 337 26
370 258 170
370 162 135
370 176 98
370 296 123
370 345 182
370 229 149
371 97 60
371 223 34
371 132 136
371 250 86
371 374 71
371 121 189
371 300 169
371 250 116
371 399 195
371 144 148
371 193 168
371 130 155
371 349 67
371 200 75
371 338 66
371 25 11
371 163 31
371 378 191
372 295 74
372 292 88
372 334 57
372 93 40
372 197 45
372 115 87
372 111 140
372 98 167
372 17 79
372 391 180
372 295 192
372 338 80
372 361 29
372 10 6
372 294 163
372 282 45
372 24 73
372 377 87
373 16 98
373 47 47
373 112 41
373 321 65
373 271 52
373 91 75
373 331 25
373 13 155
373 51 190
373 242 8
373 172 135
373 383 84
373 286 1
373 103 69
373 321 177
373 29 46
373 337 196
374 182 152
374 31 37
374 38 165
374 339 76
374 205 46
374 392 151
374 318 115
374 146 119
374 337 83
374 187 137
374 250 115
374 29 123
374 153 73
374 161 148
374 178 59
375 342 87
375 138 82
375 61 13
375 329 64
375 128 64
375 94 157
375 188 199
375 230 124
375 317 95
375 41 95
375 155 61
375 115 49
375 100 53
375 131 29
375 242 14
375 235 29
375 28 76
375 51 138
375 329 185
375 79 46
376 15 99
376 113 9
376 278 57
376 94 106
376 85 145
376 45 15
376 330 76
376 148 59
376 198 185
376 3 137
376 249 107
376 386 50
376 389 31
376 17 119
376 281 159
377 242 79
377 344 62
377 114 66
377 136 82
377 17 154
377 328 3
377 156 117
377 386 173
377 188 45
377 355 69
377 204 149
377 364 15
377 330 38
377 376 144
377 349 6
378 236 7
378 166 108
378 133 114
378 105 88
378 184 30
378 393 107
378 263 125
378 212 2
378 153 89
378 397 169
378 170 13
378 125 107
378 80 87
378 12 160
379 140 176
379 129 28
379 160 139
379 231 72
379 160 157
379 40 82
379 253 155
379 335 115
379 216 5
379 307 169
379 331 63
379 324 147
380 135 164
380 206 139
380 364 113
380 109 188
380 361 147
380 110 159
380 323 160
380 383 6
380 79 130
380 42 60
380 22 90
380 260 138
380 54 170
380 330 32
380 135 105
381 190 8
381 273 80
381 254 146
381 389 35
381 334 163
381 60 98
381 380 85
381 160 146
381 354 83
381 364 27
381 163 18
381 125 104
381 323 40
381 68 185
381 174 24
381 116 23
382 261 165
382 394 15
382 127 165
382 269 8
382 280 169
382 216 148
382 354 190
382 373 129
382 46 41
382 305 51
382 89 166
382 216 35
382 133 36
382 335 183
382 268 62
382 267 169
382 279 36
382 9 123
382 190 46
382 127 133
383 280 35
383 370 8
383 278 49
383 110 32
383 170 45
383 378 151
383 282 114
383 18 28
383 195 143
383 166 176
383 25 5
383 202 63
383 384 178
384 281 110
384 47 198
384 156 156
384 319 110
384 307 2
384 342 25
384 156 23
384 285 173
384 371 132
384 104 32
384 346 26
384 12 20
385 295 82
385 351 66
385 366 27
385 198 70
385 89 167
385 13 35
385 393 98
385 219 92
385 275 14
385 144 60
385 86 167
385 23 189
385 71 53
385 40 189
385 334 59
385 240 103
386 279 19
386 313 198
386 116 41
386 233 103
386 368 192
386 335 103
386 215 116
386 267 14
386 357 46
386 37 39
386 40 125
386 342 25
386 228 110
386 17 73
387 70 16
387 368 94
387 60 55
387 124 116
387 356 191
387 283 66
387 371 94
387 79 114
387 176 136
387 93 165
387 393 33
387 311 101
387 396 183
387 188 120
387 126 162
388 84 107
388 9 7
388 152 31
388 308 119
388 148 126
388 96 77
388 12 197
388 365 41
388 389 142
388 202 27
388 166 163
388 349 26
388 119 57
388 184 194
388 39 109
388 294 156
388 107 140
389 4 172
389 366 6
389 351 132
389 155 2
389 173 29
389 242 75
389 55 161
389 181 68
389 299 78
389 165 90
389 273 105
389 36 133
389 160 196
389 316 155
389 375 67
389 153 173
389 109 26
390 256 12
390 297 82
390 375 163
390 115 97
390 318 138
390 178 35
390 115 26
390 31 20
390 385 55
390 146 82
390 189 137
390 320 167
390 172 166
390 380 9
390 221 56
391 83 192
391 387 81
391 284 162
391 123 62
391 129 63
391 119 54
391 214 2
391 375 61
391 346 193
391 81 137
391 216 142
391 87 145
392 58 21
392 238 94
392 294 129
392 188 127
392 356 158
392 320 6
392 66 146
392 23 41
392 279 173
392 207 33
392 142 60
392 282 160
392 359 45
393 196 112
393 183 11
393 148 110
393 361 179
393 138 159
393 379 163
393 189 13
393 123 148
393 103 124
393 388 185
393 15 88
393 247 176
393 68 131
393 178 187
393 357 167
393 137 178
393 142 86
394 294 5
394 207 61
394 294 54
394 237 114
394 137 5
394 333 156
394 166 183
394 7 152
394 123 76
394 98 40
394 301 144
394 311 90
394 258 1
394 109 160
394 15 89
395 311 80
395 40 9
395 266 174
395 131 112
395 388 40
395 396 7
395 389 49
395 148 68
395 350 60
395 348 143
395 33 40
395 370 115
395 352 41
395 163 34
395 177 104
395 36 3
396 254 118
396 130 186
396 99 103
396 159 85
396 343 57
396 308 176
396 120 86
396 41 50
396 175 95
396 120 61
396 4 2
396 71 89
396 356 161
396 35 65
396 289 107
397 246 52
397 211 40
397 237 75
397 361 120
397 391 148
397 337 81
397 203 120
397 216 128
397 63 6
397 156 40
397 66 120
397 70 28
397 392 62
397 376 130
397 343 32
397 170 146
398 352 59
398 273 63
398 179 65
398 194 85
398 272 122
398 382 139
398 42 53
398 115 143
398 376 39
398 108 80
398 377 123
398 75 148
398 117 194
398 78 48
398 98 145
398 107 119
399 6 15
399 0 57
399 148 96
399 297 125
399 371 154
399 67 193
399 88 184
399 168 5
399 268 87
399 101 158
399 235 83
399 104 102
399 276 13
399 202 107
399 76 186
