3962
0 2 100
2 3 99
3 4 98
4 5 97
5 6 96
6 7 95
7 8 94
8 9 93
9 10 92
10 11 91
11 12 90
12 13 89
13 14 88
14 15 87
15 16 86
16 17 85
17 18 84
18 19 83
19 20 82
20 21 81
21 22 80
22 23 79
23 24 78
24 25 77
25 26 76
26 27 75
27 28 74
28 29 73
29 30 72
30 31 71
31 32 70
32 33 69
33 34 68
34 35 67
35 36 66
36 37 65
37 38 64
38 39 63
39 40 62
40 41 61
41 42 60
42 43 59
43 44 58
44 45 57
45 46 56
46 47 55
47 48 54
48 49 53
49 50 52
50 51 51
51 52 50
52 53 49
53 54 48
54 55 47
55 56 46
56 57 45
57 58 44
58 59 43
59 60 42
60 61 41
61 62 40
62 63 39
63 64 38
64 65 37
65 66 36
66 67 35
67 68 34
68 69 33
69 70 32
70 71 31
71 72 30
72 73 29
73 74 28
74 75 27
75 76 26
76 77 25
77 78 24
78 79 23
79 80 22
80 81 21
81 82 20
82 83 19
83 84 18
84 85 17
85 86 16
86 87 15
87 88 14
88 89 13
89 90 12
90 91 11
91 92 10
92 93 9
93 94 8
94 95 7
95 96 6
96 97 5
97 98 4
98 99 3
99 100 2
100 1 1
0 101 100
101 102 99
102 103 98
103 104 97
104 105 96
105 106 95
106 107 94
107 108 93
108 109 92
109 110 91
110 111 90
111 112 89
112 113 88
113 114 87
114 115 86
115 116 85
116 117 84
117 118 83
118 119 82
119 120 81
120 121 80
121 122 79
122 123 78
123 124 77
124 125 76
125 126 75
126 127 74
127 128 73
128 129 72
129 130 71
130 131 70
131 132 69
132 133 68
133 134 67
134 135 66
135 136 65
136 137 64
137 138 63
138 139 62
139 140 61
140 141 60
141 142 59
142 143 58
143 144 57
144 145 56
145 146 55
146 147 54
147 148 53
148 149 52
149 150 51
150 151 50
151 152 49
152 153 48
153 154 47
154 155 46
155 156 45
156 157 44
157 158 43
158 159 42
159 160 41
160 161 40
161 162 39
162 163 38
163 164 37
164 165 36
165 166 35
166 167 34
167 168 33
168 169 32
169 170 31
170 171 30
171 172 29
172 173 28
173 174 27
174 175 26
175 176 25
176 177 24
177 178 23
178 179 22
179 180 21
180 181 20
181 182 19
182 183 18
183 184 17
184 185 16
185 186 15
186 187 14
187 188 13
188 189 12
189 190 11
190 191 10
191 192 9
192 193 8
193 194 7
194 195 6
195 196 5
196 197 4
197 198 3
198 199 2
199 1 1
0 200 100
200 201 99
201 202 98
202 203 97
203 204 96
204 205 95
205 206 94
206 207 93
207 208 92
208 209 91
209 210 90
210 211 89
211 212 88
212 213 87
213 214 86
214 215 85
215 216 84
216 217 83
217 218 82
218 219 81
219 220 80
220 221 79
221 222 78
222 223 77
223 224 76
224 225 75
225 226 74
226 227 73
227 228 72
228 229 71
229 230 70
230 231 69
231 232 68
232 233 67
233 234 66
234 235 65
235 236 64
236 237 63
237 238 62
238 239 61
239 240 60
240 241 59
241 242 58
242 243 57
243 244 56
244 245 55
245 246 54
246 247 53
247 248 52
248 249 51
249 250 50
250 251 49
251 252 48
252 253 47
253 254 46
254 255 45
255 256 44
256 257 43
257 258 42
258 259 41
259 260 40
260 261 39
261 262 38
262 263 37
263 264 36
264 265 35
265 266 34
266 267 33
267 268 32
268 269 31
269 270 30
270 271 29
271 272 28
272 273 27
273 274 26
274 275 25
275 276 24
276 277 23
277 278 22
278 279 21
279 280 20
280 281 19
281 282 18
282 283 17
283 284 16
284 285 15
285 286 14
286 287 13
287 288 12
288 289 11
289 290 10
290 291 9
291 292 8
292 293 7
293 294 6
294 295 5
295 296 4
296 297 3
297 298 2
298 1 1
0 299 100
299 300 99
300 301 98
301 302 97
302 303 96
303 304 95
304 305 94
305 306 93
306 307 92
307 308 91
308 309 90
309 310 89
310 311 88
311 312 87
312 313 86
313 314 85
314 315 84
315 316 83
316 317 82
317 318 81
318 319 80
319 320 79
320 321 78
321 322 77
322 323 76
323 324 75
324 325 74
325 326 73
326 327 72
327 328 71
328 329 70
329 330 69
330 331 68
331 332 67
332 333 66
333 334 65
334 335 64
335 336 63
336 337 62
337 338 61
338 339 60
339 340 59
340 341 58
341 342 57
342 343 56
343 344 55
344 345 54
345 346 53
346 347 52
347 348 51
348 349 50
349 350 49
350 351 48
351 352 47
352 353 46
353 354 45
354 355 44
355 356 43
356 357 42
357 358 41
358 359 40
359 360 39
360 361 38
361 362 37
362 363 36
363 364 35
364 365 34
365 366 33
366 367 32
367 368 31
368 369 30
369 370 29
370 371 28
371 372 27
372 373 26
373 374 25
374 375 24
375 376 23
376 377 22
377 378 21
378 379 20
379 380 19
380 381 18
381 382 17
382 383 16
383 384 15
384 385 14
385 386 13
386 387 12
387 388 11
388 389 10
389 390 9
390 391 8
391 392 7
392 393 6
393 394 5
394 395 4
395 396 3
396 397 2
397 1 1
0 398 100
398 399 99
399 400 98
400 401 97
401 402 96
402 403 95
403 404 94
404 405 93
405 406 92
406 407 91
407 408 90
408 409 89
409 410 88
410 411 87
411 412 86
412 413 85
413 414 84
414 415 83
415 416 82
416 417 81
417 418 80
418 419 79
419 420 78
420 421 77
421 422 76
422 423 75
423 424 74
424 425 73
425 426 72
426 427 71
427 428 70
428 429 69
429 430 68
430 431 67
431 432 66
432 433 65
433 434 64
434 435 63
435 436 62
436 437 61
437 438 60
438 439 59
439 440 58
440 441 57
441 442 56
442 443 55
443 444 54
444 445 53
445 446 52
446 447 51
447 448 50
448 449 49
449 450 48
450 451 47
451 452 46
452 453 45
453 454 44
454 455 43
455 456 42
456 457 41
457 458 40
458 459 39
459 460 38
460 461 37
461 462 36
462 463 35
463 464 34
464 465 33
465 466 32
466 467 31
467 468 30
468 469 29
469 470 28
470 471 27
471 472 26
472 473 25
473 474 24
474 475 23
475 476 22
476 477 21
477 478 20
478 479 19
479 480 18
480 481 17
481 482 16
482 483 15
483 484 14
484 485 13
485 486 12
486 487 11
487 488 10
488 489 9
489 490 8
490 491 7
491 492 6
492 493 5
493 494 4
494 495 3
495 496 2
496 1 1
0 497 100
497 498 99
498 499 98
499 500 97
500 501 96
501 502 95
502 503 94
503 504 93
504 505 92
505 506 91
506 507 90
507 508 89
508 509 88
509 510 87
510 511 86
511 512 85
512 513 84
513 514 83
514 515 82
515 516 81
516 517 80
517 518 79
518 519 78
519 520 77
520 521 76
521 522 75
522 523 74
523 524 73
524 525 72
525 526 71
526 527 70
527 528 69
528 529 68
529 530 67
530 531 66
531 532 65
532 533 64
533 534 63
534 535 62
535 536 61
536 537 60
537 538 59
538 539 58
539 540 57
540 541 56
541 542 55
542 543 54
543 544 53
544 545 52
545 546 51
546 547 50
547 548 49
548 549 48
549 550 47
550 551 46
551 552 45
552 553 44
553 554 43
554 555 42
555 556 41
556 557 40
557 558 39
558 559 38
559 560 37
560 561 36
561 562 35
562 563 34
563 564 33
564 565 32
565 566 31
566 567 30
567 568 29
568 569 28
569 570 27
570 571 26
571 572 25
572 573 24
573 574 23
574 575 22
575 576 21
576 577 20
577 578 19
578 579 18
579 580 17
580 581 16
581 582 15
582 583 14
583 584 13
584 585 12
585 586 11
586 587 10
587 588 9
588 589 8
589 590 7
590 591 6
591 592 5
592 593 4
593 594 3
594 595 2
595 1 1
0 596 100
596 597 99
597 598 98
598 599 97
599 600 96
600 601 95
601 602 94
602 603 93
603 604 92
604 605 91
605 606 90
606 607 89
607 608 88
608 609 87
609 610 86
610 611 85
611 612 84
612 613 83
613 614 82
614 615 81
615 616 80
616 617 79
617 618 78
618 619 77
619 620 76
620 621 75
621 622 74
622 623 73
623 624 72
624 625 71
625 626 70
626 627 69
627 628 68
628 629 67
629 630 66
630 631 65
631 632 64
632 633 63
633 634 62
634 635 61
635 636 60
636 637 59
637 638 58
638 639 57
639 640 56
640 641 55
641 642 54
642 643 53
643 644 52
644 645 51
645 646 50
646 647 49
647 648 48
648 649 47
649 650 46
650 651 45
651 652 44
652 653 43
653 654 42
654 655 41
655 656 40
656 657 39
657 658 38
658 659 37
659 660 36
660 661 35
661 662 34
662 663 33
663 664 32
664 665 31
665 666 30
666 667 29
667 668 28
668 669 27
669 670 26
670 671 25
671 672 24
672 673 23
673 674 22
674 675 21
675 676 20
676 677 19
677 678 18
678 679 17
679 680 16
680 681 15
681 682 14
682 683 13
683 684 12
684 685 11
685 686 10
686 687 9
687 688 8
688 689 7
689 690 6
690 691 5
691 692 4
692 693 3
693 694 2
694 1 1
0 695 100
695 696 99
696 697 98
697 698 97
698 699 96
699 700 95
700 701 94
701 702 93
702 703 92
703 704 91
704 705 90
705 706 89
706 707 88
707 708 87
708 709 86
709 710 85
710 711 84
711 712 83
712 713 82
713 714 81
714 715 80
715 716 79
716 717 78
717 718 77
718 719 76
719 720 75
720 721 74
721 722 73
722 723 72
723 724 71
724 725 70
725 726 69
726 727 68
727 728 67
728 729 66
729 730 65
730 731 64
731 732 63
732 733 62
733 734 61
734 735 60
735 736 59
736 737 58
737 738 57
738 739 56
739 740 55
740 741 54
741 742 53
742 743 52
743 744 51
744 745 50
745 746 49
746 747 48
747 748 47
748 749 46
749 750 45
750 751 44
751 752 43
752 753 42
753 754 41
754 755 40
755 756 39
756 757 38
757 758 37
758 759 36
759 760 35
760 761 34
761 762 33
762 763 32
763 764 31
764 765 30
765 766 29
766 767 28
767 768 27
768 769 26
769 770 25
770 771 24
771 772 23
772 773 22
773 774 21
774 775 20
775 776 19
776 777 18
777 778 17
778 779 16
779 780 15
780 781 14
781 782 13
782 783 12
783 784 11
784 785 10
785 786 9
786 787 8
787 788 7
788 789 6
789 790 5
790 791 4
791 792 3
792 793 2
793 1 1
0 794 100
794 795 99
795 796 98
796 797 97
797 798 96
798 799 95
799 800 94
800 801 93
801 802 92
802 803 91
803 804 90
804 805 89
805 806 88
806 807 87
807 808 86
808 809 85
809 810 84
810 811 83
811 812 82
812 813 81
813 814 80
814 815 79
815 816 78
816 817 77
817 818 76
818 819 75
819 820 74
820 821 73
821 822 72
822 823 71
823 824 70
824 825 69
825 826 68
826 827 67
827 828 66
828 829 65
829 830 64
830 831 63
831 832 62
832 833 61
833 834 60
834 835 59
835 836 58
836 837 57
837 838 56
838 839 55
839 840 54
840 841 53
841 842 52
842 843 51
843 844 50
844 845 49
845 846 48
846 847 47
847 848 46
848 849 45
849 850 44
850 851 43
851 852 42
852 853 41
853 854 40
854 855 39
855 856 38
856 857 37
857 858 36
858 859 35
859 860 34
860 861 33
861 862 32
862 863 31
863 864 30
864 865 29
865 866 28
866 867 27
867 868 26
868 869 25
869 870 24
870 871 23
871 872 22
872 873 21
873 874 20
874 875 19
875 876 18
876 877 17
877 878 16
878 879 15
879 880 14
880 881 13
881 882 12
882 883 11
883 884 10
884 885 9
885 886 8
886 887 7
887 888 6
888 889 5
889 890 4
890 891 3
891 892 2
892 1 1
0 893 100
893 894 99
894 895 98
895 896 97
896 897 96
897 898 95
898 899 94
899 900 93
900 901 92
901 902 91
902 903 90
903 904 89
904 905 88
905 906 87
906 907 86
907 908 85
908 909 84
909 910 83
910 911 82
911 912 81
912 913 80
913 914 79
914 915 78
915 916 77
916 917 76
917 918 75
918 919 74
919 920 73
920 921 72
921 922 71
922 923 70
923 924 69
924 925 68
925 926 67
926 927 66
927 928 65
928 929 64
929 930 63
930 931 62
931 932 61
932 933 60
933 934 59
934 935 58
935 936 57
936 937 56
937 938 55
938 939 54
939 940 53
940 941 52
941 942 51
942 943 50
943 944 49
944 945 48
945 946 47
946 947 46
947 948 45
948 949 44
949 950 43
950 951 42
951 952 41
952 953 40
953 954 39
954 955 38
955 956 37
956 957 36
957 958 35
958 959 34
959 960 33
960 961 32
961 962 31
962 963 30
963 964 29
964 965 28
965 966 27
966 967 26
967 968 25
968 969 24
969 970 23
970 971 22
971 972 21
972 973 20
973 974 19
974 975 18
975 976 17
976 977 16
977 978 15
978 979 14
979 980 13
980 981 12
981 982 11
982 983 10
983 984 9
984 985 8
985 986 7
986 987 6
987 988 5
988 989 4
989 990 3
990 991 2
991 1 1
0 992 100
992 993 99
993 994 98
994 995 97
995 996 96
996 997 95
997 998 94
998 999 93
999 1000 92
1000 1001 91
1001 1002 90
1002 1003 89
1003 1004 88
1004 1005 87
1005 1006 86
1006 1007 85
1007 1008 84
1008 1009 83
1009 1010 82
1010 1011 81
1011 1012 80
1012 1013 79
1013 1014 78
1014 1015 77
1015 1016 76
1016 1017 75
1017 1018 74
1018 1019 73
1019 1020 72
1020 1021 71
1021 1022 70
1022 1023 69
1023 1024 68
1024 1025 67
1025 1026 66
1026 1027 65
1027 1028 64
1028 1029 63
1029 1030 62
1030 1031 61
1031 1032 60
1032 1033 59
1033 1034 58
1034 1035 57
1035 1036 56
1036 1037 55
1037 1038 54
1038 1039 53
1039 1040 52
1040 1041 51
1041 1042 50
1042 1043 49
1043 1044 48
1044 1045 47
1045 1046 46
1046 1047 45
1047 1048 44
1048 1049 43
1049 1050 42
1050 1051 41
1051 1052 40
1052 1053 39
1053 1054 38
1054 1055 37
1055 1056 36
1056 1057 35
1057 1058 34
1058 1059 33
1059 1060 32
1060 1061 31
1061 1062 30
1062 1063 29
1063 1064 28
1064 1065 27
1065 1066 26
1066 1067 25
1067 1068 24
1068 1069 23
1069 1070 22
1070 1071 21
1071 1072 20
1072 1073 19
1073 1074 18
1074 1075 17
1075 1076 16
1076 1077 15
1077 1078 14
1078 1079 13
1079 1080 12
1080 1081 11
1081 1082 10
1082 1083 9
1083 1084 8
1084 1085 7
1085 1086 6
1086 1087 5
1087 1088 4
1088 1089 3
1089 1090 2
1090 1 1
0 1091 100
1091 1092 99
1092 1093 98
1093 1094 97
1094 1095 96
1095 1096 95
1096 1097 94
1097 1098 93
1098 1099 92
1099 1100 91
1100 1101 90
1101 1102 89
1102 1103 88
1103 1104 87
1104 1105 86
1105 1106 85
1106 1107 84
1107 1108 83
1108 1109 82
1109 1110 81
1110 1111 80
1111 1112 79
1112 1113 78
1113 1114 77
1114 1115 76
1115 1116 75
1116 1117 74
1117 1118 73
1118 1119 72
1119 1120 71
1120 1121 70
1121 1122 69
1122 1123 68
1123 1124 67
1124 1125 66
1125 1126 65
1126 1127 64
1127 1128 63
1128 1129 62
1129 1130 61
1130 1131 60
1131 1132 59
1132 1133 58
1133 1134 57
1134 1135 56
1135 1136 55
1136 1137 54
1137 1138 53
1138 1139 52
1139 1140 51
1140 1141 50
1141 1142 49
1142 1143 48
1143 1144 47
1144 1145 46
1145 1146 45
1146 1147 44
1147 1148 43
1148 1149 42
1149 1150 41
1150 1151 40
1151 1152 39
1152 1153 38
1153 1154 37
1154 1155 36
1155 1156 35
1156 1157 34
1157 1158 33
1158 1159 32
1159 1160 31
1160 1161 30
1161 1162 29
1162 1163 28
1163 1164 27
1164 1165 26
1165 1166 25
1166 1167 24
1167 1168 23
1168 1169 22
1169 1170 21
1170 1171 20
1171 1172 19
1172 1173 18
1173 1174 17
1174 1175 16
1175 1176 15
1176 1177 14
1177 1178 13
1178 1179 12
1179 1180 11
1180 1181 10
1181 1182 9
1182 1183 8
1183 1184 7
1184 1185 6
1185 1186 5
1186 1187 4
1187 1188 3
1188 1189 2
1189 1 1
0 1190 100
1190 1191 99
1191 1192 98
1192 1193 97
1193 1194 96
1194 1195 95
1195 1196 94
1196 1197 93
1197 1198 92
1198 1199 91
1199 1200 90
1200 1201 89
1201 1202 88
1202 1203 87
1203 1204 86
1204 1205 85
1205 1206 84
1206 1207 83
1207 1208 82
1208 1209 81
1209 1210 80
1210 1211 79
1211 1212 78
1212 1213 77
1213 1214 76
1214 1215 75
1215 1216 74
1216 1217 73
1217 1218 72
1218 1219 71
1219 1220 70
1220 1221 69
1221 1222 68
1222 1223 67
1223 1224 66
1224 1225 65
1225 1226 64
1226 1227 63
1227 1228 62
1228 1229 61
1229 1230 60
1230 1231 59
1231 1232 58
1232 1233 57
1233 1234 56
1234 1235 55
1235 1236 54
1236 1237 53
1237 1238 52
1238 1239 51
1239 1240 50
1240 1241 49
1241 1242 48
1242 1243 47
1243 1244 46
1244 1245 45
1245 1246 44
1246 1247 43
1247 1248 42
1248 1249 41
1249 1250 40
1250 1251 39
1251 1252 38
1252 1253 37
1253 1254 36
1254 1255 35
1255 1256 34
1256 1257 33
1257 1258 32
1258 1259 31
1259 1260 30
1260 1261 29
1261 1262 28
1262 1263 27
1263 1264 26
1264 1265 25
1265 1266 24
1266 1267 23
1267 1268 22
1268 1269 21
1269 1270 20
1270 1271 19
1271 1272 18
1272 1273 17
1273 1274 16
1274 1275 15
1275 1276 14
1276 1277 13
1277 1278 12
1278 1279 11
1279 1280 10
1280 1281 9
1281 1282 8
1282 1283 7
1283 1284 6
1284 1285 5
1285 1286 4
1286 1287 3
1287 1288 2
1288 1 1
0 1289 100
1289 1290 99
1290 1291 98
1291 1292 97
1292 1293 96
1293 1294 95
1294 1295 94
1295 1296 93
1296 1297 92
1297 1298 91
1298 1299 90
1299 1300 89
1300 1301 88
1301 1302 87
1302 1303 86
1303 1304 85
1304 1305 84
1305 1306 83
1306 1307 82
1307 1308 81
1308 1309 80
1309 1310 79
1310 1311 78
1311 1312 77
1312 1313 76
1313 1314 75
1314 1315 74
1315 1316 73
1316 1317 72
1317 1318 71
1318 1319 70
1319 1320 69
1320 1321 68
1321 1322 67
1322 1323 66
1323 1324 65
1324 1325 64
1325 1326 63
1326 1327 62
1327 1328 61
1328 1329 60
1329 1330 59
1330 1331 58
1331 1332 57
1332 1333 56
1333 1334 55
1334 1335 54
1335 1336 53
1336 1337 52
1337 1338 51
1338 1339 50
1339 1340 49
1340 1341 48
1341 1342 47
1342 1343 46
1343 1344 45
1344 1345 44
1345 1346 43
1346 1347 42
1347 1348 41
1348 1349 40
1349 1350 39
1350 1351 38
1351 1352 37
1352 1353 36
1353 1354 35
1354 1355 34
1355 1356 33
1356 1357 32
1357 1358 31
1358 1359 30
1359 1360 29
1360 1361 28
1361 1362 27
1362 1363 26
1363 1364 25
1364 1365 24
1365 1366 23
1366 1367 22
1367 1368 21
1368 1369 20
1369 1370 19
1370 1371 18
1371 1372 17
1372 1373 16
1373 1374 15
1374 1375 14
1375 1376 13
1376 1377 12
1377 1378 11
1378 1379 10
1379 1380 9
1380 1381 8
1381 1382 7
1382 1383 6
1383 1384 5
1384 1385 4
1385 1386 3
1386 1387 2
1387 1 1
0 1388 100
1388 1389 99
1389 1390 98
1390 1391 97
1391 1392 96
1392 1393 95
1393 1394 94
1394 1395 93
1395 1396 92
1396 1397 91
1397 1398 90
1398 1399 89
1399 1400 88
1400 1401 87
1401 1402 86
1402 1403 85
1403 1404 84
1404 1405 83
1405 1406 82
1406 1407 81
1407 1408 80
1408 1409 79
1409 1410 78
1410 1411 77
1411 1412 76
1412 1413 75
1413 1414 74
1414 1415 73
1415 1416 72
1416 1417 71
1417 1418 70
1418 1419 69
1419 1420 68
1420 1421 67
1421 1422 66
1422 1423 65
1423 1424 64
1424 1425 63
1425 1426 62
1426 1427 61
1427 1428 60
1428 1429 59
1429 1430 58
1430 1431 57
1431 1432 56
1432 1433 55
1433 1434 54
1434 1435 53
1435 1436 52
1436 1437 51
1437 1438 50
1438 1439 49
1439 1440 48
1440 1441 47
1441 1442 46
1442 1443 45
1443 1444 44
1444 1445 43
1445 1446 42
1446 1447 41
1447 1448 40
1448 1449 39
1449 1450 38
1450 1451 37
1451 1452 36
1452 1453 35
1453 1454 34
1454 1455 33
1455 1456 32
1456 1457 31
1457 1458 30
1458 1459 29
1459 1460 28
1460 1461 27
1461 1462 26
1462 1463 25
1463 1464 24
1464 1465 23
1465 1466 22
1466 1467 21
1467 1468 20
1468 1469 19
1469 1470 18
1470 1471 17
1471 1472 16
1472 1473 15
1473 1474 14
1474 1475 13
1475 1476 12
1476 1477 11
1477 1478 10
1478 1479 9
1479 1480 8
1480 1481 7
1481 1482 6
1482 1483 5
1483 1484 4
1484 1485 3
1485 1486 2
1486 1 1
0 1487 100
1487 1488 99
1488 1489 98
1489 1490 97
1490 1491 96
1491 1492 95
1492 1493 94
1493 1494 93
1494 1495 92
1495 1496 91
1496 1497 90
1497 1498 89
1498 1499 88
1499 1500 87
1500 1501 86
1501 1502 85
1502 1503 84
1503 1504 83
1504 1505 82
1505 1506 81
1506 1507 80
1507 1508 79
1508 1509 78
1509 1510 77
1510 1511 76
1511 1512 75
1512 1513 74
1513 1514 73
1514 1515 72
1515 1516 71
1516 1517 70
1517 1518 69
1518 1519 68
1519 1520 67
1520 1521 66
1521 1522 65
1522 1523 64
1523 1524 63
1524 1525 62
1525 1526 61
1526 1527 60
1527 1528 59
1528 1529 58
1529 1530 57
1530 1531 56
1531 1532 55
1532 1533 54
1533 1534 53
1534 1535 52
1535 1536 51
1536 1537 50
1537 1538 49
1538 1539 48
1539 1540 47
1540 1541 46
1541 1542 45
1542 1543 44
1543 1544 43
1544 1545 42
1545 1546 41
1546 1547 40
1547 1548 39
1548 1549 38
1549 1550 37
1550 1551 36
1551 1552 35
1552 1553 34
1553 1554 33
1554 1555 32
1555 1556 31
1556 1557 30
1557 1558 29
1558 1559 28
1559 1560 27
1560 1561 26
1561 1562 25
1562 1563 24
1563 1564 23
1564 1565 22
1565 1566 21
1566 1567 20
1567 1568 19
1568 1569 18
1569 1570 17
1570 1571 16
1571 1572 15
1572 1573 14
1573 1574 13
1574 1575 12
1575 1576 11
1576 1577 10
1577 1578 9
1578 1579 8
1579 1580 7
1580 1581 6
1581 1582 5
1582 1583 4
1583 1584 3
1584 1585 2
1585 1 1
0 1586 100
1586 1587 99
1587 1588 98
1588 1589 97
1589 1590 96
1590 1591 95
1591 1592 94
1592 1593 93
1593 1594 92
1594 1595 91
1595 1596 90
1596 1597 89
1597 1598 88
1598 1599 87
1599 1600 86
1600 1601 85
1601 1602 84
1602 1603 83
1603 1604 82
1604 1605 81
1605 1606 80
1606 1607 79
1607 1608 78
1608 1609 77
1609 1610 76
1610 1611 75
1611 1612 74
1612 1613 73
1613 1614 72
1614 1615 71
1615 1616 70
1616 1617 69
1617 1618 68
1618 1619 67
1619 1620 66
1620 1621 65
1621 1622 64
1622 1623 63
1623 1624 62
1624 1625 61
1625 1626 60
1626 1627 59
1627 1628 58
1628 1629 57
1629 1630 56
1630 1631 55
1631 1632 54
1632 1633 53
1633 1634 52
1634 1635 51
1635 1636 50
1636 1637 49
1637 1638 48
1638 1639 47
1639 1640 46
1640 1641 45
1641 1642 44
1642 1643 43
1643 1644 42
1644 1645 41
1645 1646 40
1646 1647 39
1647 1648 38
1648 1649 37
1649 1650 36
1650 1651 35
1651 1652 34
1652 1653 33
1653 1654 32
1654 1655 31
1655 1656 30
1656 1657 29
1657 1658 28
1658 1659 27
1659 1660 26
1660 1661 25
1661 1662 24
1662 1663 23
1663 1664 22
1664 1665 21
1665 1666 20
1666 1667 19
1667 1668 18
1668 1669 17
1669 1670 16
1670 1671 15
1671 1672 14
1672 1673 13
1673 1674 12
1674 1675 11
1675 1676 10
1676 1677 9
1677 1678 8
1678 1679 7
1679 1680 6
1680 1681 5
1681 1682 4
1682 1683 3
1683 1684 2
1684 1 1
0 1685 100
1685 1686 99
1686 1687 98
1687 1688 97
1688 1689 96
1689 1690 95
1690 1691 94
1691 1692 93
1692 1693 92
1693 1694 91
1694 1695 90
1695 1696 89
1696 1697 88
1697 1698 87
1698 1699 86
1699 1700 85
1700 1701 84
1701 1702 83
1702 1703 82
1703 1704 81
1704 1705 80
1705 1706 79
1706 1707 78
1707 1708 77
1708 1709 76
1709 1710 75
1710 1711 74
1711 1712 73
1712 1713 72
1713 1714 71
1714 1715 70
1715 1716 69
1716 1717 68
1717 1718 67
1718 1719 66
1719 1720 65
1720 1721 64
1721 1722 63
1722 1723 62
1723 1724 61
1724 1725 60
1725 1726 59
1726 1727 58
1727 1728 57
1728 1729 56
1729 1730 55
1730 1731 54
1731 1732 53
1732 1733 52
1733 1734 51
1734 1735 50
1735 1736 49
1736 1737 48
1737 1738 47
1738 1739 46
1739 1740 45
1740 1741 44
1741 1742 43
1742 1743 42
1743 1744 41
1744 1745 40
1745 1746 39
1746 1747 38
1747 1748 37
1748 1749 36
1749 1750 35
1750 1751 34
1751 1752 33
1752 1753 32
1753 1754 31
1754 1755 30
1755 1756 29
1756 1757 28
1757 1758 27
1758 1759 26
1759 1760 25
1760 1761 24
1761 1762 23
1762 1763 22
1763 1764 21
1764 1765 20
1765 1766 19
1766 1767 18
1767 1768 17
1768 1769 16
1769 1770 15
1770 1771 14
1771 1772 13
1772 1773 12
1773 1774 11
1774 1775 10
1775 1776 9
1776 1777 8
1777 1778 7
1778 1779 6
1779 1780 5
1780 1781 4
1781 1782 3
1782 1783 2
1783 1 1
0 1784 100
1784 1785 99
1785 1786 98
1786 1787 97
1787 1788 96
1788 1789 95
1789 1790 94
1790 1791 93
1791 1792 92
1792 1793 91
1793 1794 90
1794 1795 89
1795 1796 88
1796 1797 87
1797 1798 86
1798 1799 85
1799 1800 84
1800 1801 83
1801 1802 82
1802 1803 81
1803 1804 80
1804 1805 79
1805 1806 78
1806 1807 77
1807 1808 76
1808 1809 75
1809 1810 74
1810 1811 73
1811 1812 72
1812 1813 71
1813 1814 70
1814 1815 69
1815 1816 68
1816 1817 67
1817 1818 66
1818 1819 65
1819 1820 64
1820 1821 63
1821 1822 62
1822 1823 61
1823 1824 60
1824 1825 59
1825 1826 58
1826 1827 57
1827 1828 56
1828 1829 55
1829 1830 54
1830 1831 53
1831 1832 52
1832 1833 51
1833 1834 50
1834 1835 49
1835 1836 48
1836 1837 47
1837 1838 46
1838 1839 45
1839 1840 44
1840 1841 43
1841 1842 42
1842 1843 41
1843 1844 40
1844 1845 39
1845 1846 38
1846 1847 37
1847 1848 36
1848 1849 35
1849 1850 34
1850 1851 33
1851 1852 32
1852 1853 31
1853 1854 30
1854 1855 29
1855 1856 28
1856 1857 27
1857 1858 26
1858 1859 25
1859 1860 24
1860 1861 23
1861 1862 22
1862 1863 21
1863 1864 20
1864 1865 19
1865 1866 18
1866 1867 17
1867 1868 16
1868 1869 15
1869 1870 14
1870 1871 13
1871 1872 12
1872 1873 11
1873 1874 10
1874 1875 9
1875 1876 8
1876 1877 7
1877 1878 6
1878 1879 5
1879 1880 4
1880 1881 3
1881 1882 2
1882 1 1
0 1883 100
1883 1884 99
1884 1885 98
1885 1886 97
1886 1887 96
1887 1888 95
1888 1889 94
1889 1890 93
1890 1891 92
1891 1892 91
1892 1893 90
1893 1894 89
1894 1895 88
1895 1896 87
1896 1897 86
1897 1898 85
1898 1899 84
1899 1900 83
1900 1901 82
1901 1902 81
1902 1903 80
1903 1904 79
1904 1905 78
1905 1906 77
1906 1907 76
1907 1908 75
1908 1909 74
1909 1910 73
1910 1911 72
1911 1912 71
1912 1913 70
1913 1914 69
1914 1915 68
1915 1916 67
1916 1917 66
1917 1918 65
1918 1919 64
1919 1920 63
1920 1921 62
1921 1922 61
1922 1923 60
1923 1924 59
1924 1925 58
1925 1926 57
1926 1927 56
1927 1928 55
1928 1929 54
1929 1930 53
1930 1931 52
1931 1932 51
1932 1933 50
1933 1934 49
1934 1935 48
1935 1936 47
1936 1937 46
1937 1938 45
1938 1939 44
1939 1940 43
1940 1941 42
1941 1942 41
1942 1943 40
1943 1944 39
1944 1945 38
1945 1946 37
1946 1947 36
1947 1948 35
1948 1949 34
1949 1950 33
1950 1951 32
1951 1952 31
1952 1953 30
1953 1954 29
1954 1955 28
1955 1956 27
1956 1957 26
1957 1958 25
1958 1959 24
1959 1960 23
1960 1961 22
1961 1962 21
1962 1963 20
1963 1964 19
1964 1965 18
1965 1966 17
1966 1967 16
1967 1968 15
1968 1969 14
1969 1970 13
1970 1971 12
1971 1972 11
1972 1973 10
1973 1974 9
1974 1975 8
1975 1976 7
1976 1977 6
1977 1978 5
1978 1979 4
1979 1980 3
1980 1981 2
1981 1 1
0 1982 100
1982 1983 99
1983 1984 98
1984 1985 97
1985 1986 96
1986 1987 95
1987 1988 94
1988 1989 93
1989 1990 92
1990 1991 91
1991 1992 90
1992 1993 89
1993 1994 88
1994 1995 87
1995 1996 86
1996 1997 85
1997 1998 84
1998 1999 83
1999 2000 82
2000 2001 81
2001 2002 80
2002 2003 79
2003 2004 78
2004 2005 77
2005 2006 76
2006 2007 75
2007 2008 74
2008 2009 73
2009 2010 72
2010 2011 71
2011 2012 70
2012 2013 69
2013 2014 68
2014 2015 67
2015 2016 66
2016 2017 65
2017 2018 64
2018 2019 63
2019 2020 62
2020 2021 61
2021 2022 60
2022 2023 59
2023 2024 58
2024 2025 57
2025 2026 56
2026 2027 55
2027 2028 54
2028 2029 53
2029 2030 52
2030 2031 51
2031 2032 50
2032 2033 49
2033 2034 48
2034 2035 47
2035 2036 46
2036 2037 45
2037 2038 44
2038 2039 43
2039 2040 42
2040 2041 41
2041 2042 40
2042 2043 39
2043 2044 38
2044 2045 37
2045 2046 36
2046 2047 35
2047 2048 34
2048 2049 33
2049 2050 32
2050 2051 31
2051 2052 30
2052 2053 29
2053 2054 28
2054 2055 27
2055 2056 26
2056 2057 25
2057 2058 24
2058 2059 23
2059 2060 22
2060 2061 21
2061 2062 20
2062 2063 19
2063 2064 18
2064 2065 17
2065 2066 16
2066 2067 15
2067 2068 14
2068 2069 13
2069 2070 12
2070 2071 11
2071 2072 10
2072 2073 9
2073 2074 8
2074 2075 7
2075 2076 6
2076 2077 5
2077 2078 4
2078 2079 3
2079 2080 2
2080 1 1
0 2081 100
2081 2082 99
2082 2083 98
2083 2084 97
2084 2085 96
2085 2086 95
2086 2087 94
2087 2088 93
2088 2089 92
2089 2090 91
2090 2091 90
2091 2092 89
2092 2093 88
2093 2094 87
2094 2095 86
2095 2096 85
2096 2097 84
2097 2098 83
2098 2099 82
2099 2100 81
2100 2101 80
2101 2102 79
2102 2103 78
2103 2104 77
2104 2105 76
2105 2106 75
2106 2107 74
2107 2108 73
2108 2109 72
2109 2110 71
2110 2111 70
2111 2112 69
2112 2113 68
2113 2114 67
2114 2115 66
2115 2116 65
2116 2117 64
2117 2118 63
2118 2119 62
2119 2120 61
2120 2121 60
2121 2122 59
2122 2123 58
2123 2124 57
2124 2125 56
2125 2126 55
2126 2127 54
2127 2128 53
2128 2129 52
2129 2130 51
2130 2131 50
2131 2132 49
2132 2133 48
2133 2134 47
2134 2135 46
2135 2136 45
2136 2137 44
2137 2138 43
2138 2139 42
2139 2140 41
2140 2141 40
2141 2142 39
2142 2143 38
2143 2144 37
2144 2145 36
2145 2146 35
2146 2147 34
2147 2148 33
2148 2149 32
2149 2150 31
2150 2151 30
2151 2152 29
2152 2153 28
2153 2154 27
2154 2155 26
2155 2156 25
2156 2157 24
2157 2158 23
2158 2159 22
2159 2160 21
2160 2161 20
2161 2162 19
2162 2163 18
2163 2164 17
2164 2165 16
2165 2166 15
2166 2167 14
2167 2168 13
2168 2169 12
2169 2170 11
2170 2171 10
2171 2172 9
2172 2173 8
2173 2174 7
2174 2175 6
2175 2176 5
2176 2177 4
2177 2178 3
2178 2179 2
2179 1 1
0 2180 100
2180 2181 99
2181 2182 98
2182 2183 97
2183 2184 96
2184 2185 95
2185 2186 94
2186 2187 93
2187 2188 92
2188 2189 91
2189 2190 90
2190 2191 89
2191 2192 88
2192 2193 87
2193 2194 86
2194 2195 85
2195 2196 84
2196 2197 83
2197 2198 82
2198 2199 81
2199 2200 80
2200 2201 79
2201 2202 78
2202 2203 77
2203 2204 76
2204 2205 75
2205 2206 74
2206 2207 73
2207 2208 72
2208 2209 71
2209 2210 70
2210 2211 69
2211 2212 68
2212 2213 67
2213 2214 66
2214 2215 65
2215 2216 64
2216 2217 63
2217 2218 62
2218 2219 61
2219 2220 60
2220 2221 59
2221 2222 58
2222 2223 57
2223 2224 56
2224 2225 55
2225 2226 54
2226 2227 53
2227 2228 52
2228 2229 51
2229 2230 50
2230 2231 49
2231 2232 48
2232 2233 47
2233 2234 46
2234 2235 45
2235 2236 44
2236 2237 43
2237 2238 42
2238 2239 41
2239 2240 40
2240 2241 39
2241 2242 38
2242 2243 37
2243 2244 36
2244 2245 35
2245 2246 34
2246 2247 33
2247 2248 32
2248 2249 31
2249 2250 30
2250 2251 29
2251 2252 28
2252 2253 27
2253 2254 26
2254 2255 25
2255 2256 24
2256 2257 23
2257 2258 22
2258 2259 21
2259 2260 20
2260 2261 19
2261 2262 18
2262 2263 17
2263 2264 16
2264 2265 15
2265 2266 14
2266 2267 13
2267 2268 12
2268 2269 11
2269 2270 10
2270 2271 9
2271 2272 8
2272 2273 7
2273 2274 6
2274 2275 5
2275 2276 4
2276 2277 3
2277 2278 2
2278 1 1
0 2279 100
2279 2280 99
2280 2281 98
2281 2282 97
2282 2283 96
2283 2284 95
2284 2285 94
2285 2286 93
2286 2287 92
2287 2288 91
2288 2289 90
2289 2290 89
2290 2291 88
2291 2292 87
2292 2293 86
2293 2294 85
2294 2295 84
2295 2296 83
2296 2297 82
2297 2298 81
2298 2299 80
2299 2300 79
2300 2301 78
2301 2302 77
2302 2303 76
2303 2304 75
2304 2305 74
2305 2306 73
2306 2307 72
2307 2308 71
2308 2309 70
2309 2310 69
2310 2311 68
2311 2312 67
2312 2313 66
2313 2314 65
2314 2315 64
2315 2316 63
2316 2317 62
2317 2318 61
2318 2319 60
2319 2320 59
2320 2321 58
2321 2322 57
2322 2323 56
2323 2324 55
2324 2325 54
2325 2326 53
2326 2327 52
2327 2328 51
2328 2329 50
2329 2330 49
2330 2331 48
2331 2332 47
2332 2333 46
2333 2334 45
2334 2335 44
2335 2336 43
2336 2337 42
2337 2338 41
2338 2339 40
2339 2340 39
2340 2341 38
2341 2342 37
2342 2343 36
2343 2344 35
2344 2345 34
2345 2346 33
2346 2347 32
2347 2348 31
2348 2349 30
2349 2350 29
2350 2351 28
2351 2352 27
2352 2353 26
2353 2354 25
2354 2355 24
2355 2356 23
2356 2357 22
2357 2358 21
2358 2359 20
2359 2360 19
2360 2361 18
2361 2362 17
2362 2363 16
2363 2364 15
2364 2365 14
2365 2366 13
2366 2367 12
2367 2368 11
2368 2369 10
2369 2370 9
2370 2371 8
2371 2372 7
2372 2373 6
2373 2374 5
2374 2375 4
2375 2376 3
2376 2377 2
2377 1 1
0 2378 100
2378 2379 99
2379 2380 98
2380 2381 97
2381 2382 96
2382 2383 95
2383 2384 94
2384 2385 93
2385 2386 92
2386 2387 91
2387 2388 90
2388 2389 89
2389 2390 88
2390 2391 87
2391 2392 86
2392 2393 85
2393 2394 84
2394 2395 83
2395 2396 82
2396 2397 81
2397 2398 80
2398 2399 79
2399 2400 78
2400 2401 77
2401 2402 76
2402 2403 75
2403 2404 74
2404 2405 73
2405 2406 72
2406 2407 71
2407 2408 70
2408 2409 69
2409 2410 68
2410 2411 67
2411 2412 66
2412 2413 65
2413 2414 64
2414 2415 63
2415 2416 62
2416 2417 61
2417 2418 60
2418 2419 59
2419 2420 58
2420 2421 57
2421 2422 56
2422 2423 55
2423 2424 54
2424 2425 53
2425 2426 52
2426 2427 51
2427 2428 50
2428 2429 49
2429 2430 48
2430 2431 47
2431 2432 46
2432 2433 45
2433 2434 44
2434 2435 43
2435 2436 42
2436 2437 41
2437 2438 40
2438 2439 39
2439 2440 38
2440 2441 37
2441 2442 36
2442 2443 35
2443 2444 34
2444 2445 33
2445 2446 32
2446 2447 31
2447 2448 30
2448 2449 29
2449 2450 28
2450 2451 27
2451 2452 26
2452 2453 25
2453 2454 24
2454 2455 23
2455 2456 22
2456 2457 21
2457 2458 20
2458 2459 19
2459 2460 18
2460 2461 17
2461 2462 16
2462 2463 15
2463 2464 14
2464 2465 13
2465 2466 12
2466 2467 11
2467 2468 10
2468 2469 9
2469 2470 8
2470 2471 7
2471 2472 6
2472 2473 5
2473 2474 4
2474 2475 3
2475 2476 2
2476 1 1
0 2477 100
2477 2478 99
2478 2479 98
2479 2480 97
2480 2481 96
2481 2482 95
2482 2483 94
2483 2484 93
2484 2485 92
2485 2486 91
2486 2487 90
2487 2488 89
2488 2489 88
2489 2490 87
2490 2491 86
2491 2492 85
2492 2493 84
2493 2494 83
2494 2495 82
2495 2496 81
2496 2497 80
2497 2498 79
2498 2499 78
2499 2500 77
2500 2501 76
2501 2502 75
2502 2503 74
2503 2504 73
2504 2505 72
2505 2506 71
2506 2507 70
2507 2508 69
2508 2509 68
2509 2510 67
2510 2511 66
2511 2512 65
2512 2513 64
2513 2514 63
2514 2515 62
2515 2516 61
2516 2517 60
2517 2518 59
2518 2519 58
2519 2520 57
2520 2521 56
2521 2522 55
2522 2523 54
2523 2524 53
2524 2525 52
2525 2526 51
2526 2527 50
2527 2528 49
2528 2529 48
2529 2530 47
2530 2531 46
2531 2532 45
2532 2533 44
2533 2534 43
2534 2535 42
2535 2536 41
2536 2537 40
2537 2538 39
2538 2539 38
2539 2540 37
2540 2541 36
2541 2542 35
2542 2543 34
2543 2544 33
2544 2545 32
2545 2546 31
2546 2547 30
2547 2548 29
2548 2549 28
2549 2550 27
2550 2551 26
2551 2552 25
2552 2553 24
2553 2554 23
2554 2555 22
2555 2556 21
2556 2557 20
2557 2558 19
2558 2559 18
2559 2560 17
2560 2561 16
2561 2562 15
2562 2563 14
2563 2564 13
2564 2565 12
2565 2566 11
2566 2567 10
2567 2568 9
2568 2569 8
2569 2570 7
2570 2571 6
2571 2572 5
2572 2573 4
2573 2574 3
2574 2575 2
2575 1 1
0 2576 100
2576 2577 99
2577 2578 98
2578 2579 97
2579 2580 96
2580 2581 95
2581 2582 94
2582 2583 93
2583 2584 92
2584 2585 91
2585 2586 90
2586 2587 89
2587 2588 88
2588 2589 87
2589 2590 86
2590 2591 85
2591 2592 84
2592 2593 83
2593 2594 82
2594 2595 81
2595 2596 80
2596 2597 79
2597 2598 78
2598 2599 77
2599 2600 76
2600 2601 75
2601 2602 74
2602 2603 73
2603 2604 72
2604 2605 71
2605 2606 70
2606 2607 69
2607 2608 68
2608 2609 67
2609 2610 66
2610 2611 65
2611 2612 64
2612 2613 63
2613 2614 62
2614 2615 61
2615 2616 60
2616 2617 59
2617 2618 58
2618 2619 57
2619 2620 56
2620 2621 55
2621 2622 54
2622 2623 53
2623 2624 52
2624 2625 51
2625 2626 50
2626 2627 49
2627 2628 48
2628 2629 47
2629 2630 46
2630 2631 45
2631 2632 44
2632 2633 43
2633 2634 42
2634 2635 41
2635 2636 40
2636 2637 39
2637 2638 38
2638 2639 37
2639 2640 36
2640 2641 35
2641 2642 34
2642 2643 33
2643 2644 32
2644 2645 31
2645 2646 30
2646 2647 29
2647 2648 28
2648 2649 27
2649 2650 26
2650 2651 25
2651 2652 24
2652 2653 23
2653 2654 22
2654 2655 21
2655 2656 20
2656 2657 19
2657 2658 18
2658 2659 17
2659 2660 16
2660 2661 15
2661 2662 14
2662 2663 13
2663 2664 12
2664 2665 11
2665 2666 10
2666 2667 9
2667 2668 8
2668 2669 7
2669 2670 6
2670 2671 5
2671 2672 4
2672 2673 3
2673 2674 2
2674 1 1
0 2675 100
2675 2676 99
2676 2677 98
2677 2678 97
2678 2679 96
2679 2680 95
2680 2681 94
2681 2682 93
2682 2683 92
2683 2684 91
2684 2685 90
2685 2686 89
2686 2687 88
2687 2688 87
2688 2689 86
2689 2690 85
2690 2691 84
2691 2692 83
2692 2693 82
2693 2694 81
2694 2695 80
2695 2696 79
2696 2697 78
2697 2698 77
2698 2699 76
2699 2700 75
2700 2701 74
2701 2702 73
2702 2703 72
2703 2704 71
2704 2705 70
2705 2706 69
2706 2707 68
2707 2708 67
2708 2709 66
2709 2710 65
2710 2711 64
2711 2712 63
2712 2713 62
2713 2714 61
2714 2715 60
2715 2716 59
2716 2717 58
2717 2718 57
2718 2719 56
2719 2720 55
2720 2721 54
2721 2722 53
2722 2723 52
2723 2724 51
2724 2725 50
2725 2726 49
2726 2727 48
2727 2728 47
2728 2729 46
2729 2730 45
2730 2731 44
2731 2732 43
2732 2733 42
2733 2734 41
2734 2735 40
2735 2736 39
2736 2737 38
2737 2738 37
2738 2739 36
2739 2740 35
2740 2741 34
2741 2742 33
2742 2743 32
2743 2744 31
2744 2745 30
2745 2746 29
2746 2747 28
2747 2748 27
2748 2749 26
2749 2750 25
2750 2751 24
2751 2752 23
2752 2753 22
2753 2754 21
2754 2755 20
2755 2756 19
2756 2757 18
2757 2758 17
2758 2759 16
2759 2760 15
2760 2761 14
2761 2762 13
2762 2763 12
2763 2764 11
2764 2765 10
2765 2766 9
2766 2767 8
2767 2768 7
2768 2769 6
2769 2770 5
2770 2771 4
2771 2772 3
2772 2773 2
2773 1 1
0 2774 100
2774 2775 99
2775 2776 98
2776 2777 97
2777 2778 96
2778 2779 95
2779 2780 94
2780 2781 93
2781 2782 92
2782 2783 91
2783 2784 90
2784 2785 89
2785 2786 88
2786 2787 87
2787 2788 86
2788 2789 85
2789 2790 84
2790 2791 83
2791 2792 82
2792 2793 81
2793 2794 80
2794 2795 79
2795 2796 78
2796 2797 77
2797 2798 76
2798 2799 75
2799 2800 74
2800 2801 73
2801 2802 72
2802 2803 71
2803 2804 70
2804 2805 69
2805 2806 68
2806 2807 67
2807 2808 66
2808 2809 65
2809 2810 64
2810 2811 63
2811 2812 62
2812 2813 61
2813 2814 60
2814 2815 59
2815 2816 58
2816 2817 57
2817 2818 56
2818 2819 55
2819 2820 54
2820 2821 53
2821 2822 52
2822 2823 51
2823 2824 50
2824 2825 49
2825 2826 48
2826 2827 47
2827 2828 46
2828 2829 45
2829 2830 44
2830 2831 43
2831 2832 42
2832 2833 41
2833 2834 40
2834 2835 39
2835 2836 38
2836 2837 37
2837 2838 36
2838 2839 35
2839 2840 34
2840 2841 33
2841 2842 32
2842 2843 31
2843 2844 30
2844 2845 29
2845 2846 28
2846 2847 27
2847 2848 26
2848 2849 25
2849 2850 24
2850 2851 23
2851 2852 22
2852 2853 21
2853 2854 20
2854 2855 19
2855 2856 18
2856 2857 17
2857 2858 16
2858 2859 15
2859 2860 14
2860 2861 13
2861 2862 12
2862 2863 11
2863 2864 10
2864 2865 9
2865 2866 8
2866 2867 7
2867 2868 6
2868 2869 5
2869 2870 4
2870 2871 3
2871 2872 2
2872 1 1
0 2873 100
2873 2874 99
2874 2875 98
2875 2876 97
2876 2877 96
2877 2878 95
2878 2879 94
2879 2880 93
2880 2881 92
2881 2882 91
2882 2883 90
2883 2884 89
2884 2885 88
2885 2886 87
2886 2887 86
2887 2888 85
2888 2889 84
2889 2890 83
2890 2891 82
2891 2892 81
2892 2893 80
2893 2894 79
2894 2895 78
2895 2896 77
2896 2897 76
2897 2898 75
2898 2899 74
2899 2900 73
2900 2901 72
2901 2902 71
2902 2903 70
2903 2904 69
2904 2905 68
2905 2906 67
2906 2907 66
2907 2908 65
2908 2909 64
2909 2910 63
2910 2911 62
2911 2912 61
2912 2913 60
2913 2914 59
2914 2915 58
2915 2916 57
2916 2917 56
2917 2918 55
2918 2919 54
2919 2920 53
2920 2921 52
2921 2922 51
2922 2923 50
2923 2924 49
2924 2925 48
2925 2926 47
2926 2927 46
2927 2928 45
2928 2929 44
2929 2930 43
2930 2931 42
2931 2932 41
2932 2933 40
2933 2934 39
2934 2935 38
2935 2936 37
2936 2937 36
2937 2938 35
2938 2939 34
2939 2940 33
2940 2941 32
2941 2942 31
2942 2943 30
2943 2944 29
2944 2945 28
2945 2946 27
2946 2947 26
2947 2948 25
2948 2949 24
2949 2950 23
2950 2951 22
2951 2952 21
2952 2953 20
2953 2954 19
2954 2955 18
2955 2956 17
2956 2957 16
2957 2958 15
2958 2959 14
2959 2960 13
2960 2961 12
2961 2962 11
2962 2963 10
2963 2964 9
2964 2965 8
2965 2966 7
2966 2967 6
2967 2968 5
2968 2969 4
2969 2970 3
2970 2971 2
2971 1 1
0 2972 100
2972 2973 99
2973 2974 98
2974 2975 97
2975 2976 96
2976 2977 95
2977 2978 94
2978 2979 93
2979 2980 92
2980 2981 91
2981 2982 90
2982 2983 89
2983 2984 88
2984 2985 87
2985 2986 86
2986 2987 85
2987 2988 84
2988 2989 83
2989 2990 82
2990 2991 81
2991 2992 80
2992 2993 79
2993 2994 78
2994 2995 77
2995 2996 76
2996 2997 75
2997 2998 74
2998 2999 73
2999 3000 72
3000 3001 71
3001 3002 70
3002 3003 69
3003 3004 68
3004 3005 67
3005 3006 66
3006 3007 65
3007 3008 64
3008 3009 63
3009 3010 62
3010 3011 61
3011 3012 60
3012 3013 59
3013 3014 58
3014 3015 57
3015 3016 56
3016 3017 55
3017 3018 54
3018 3019 53
3019 3020 52
3020 3021 51
3021 3022 50
3022 3023 49
3023 3024 48
3024 3025 47
3025 3026 46
3026 3027 45
3027 3028 44
3028 3029 43
3029 3030 42
3030 3031 41
3031 3032 40
3032 3033 39
3033 3034 38
3034 3035 37
3035 3036 36
3036 3037 35
3037 3038 34
3038 3039 33
3039 3040 32
3040 3041 31
3041 3042 30
3042 3043 29
3043 3044 28
3044 3045 27
3045 3046 26
3046 3047 25
3047 3048 24
3048 3049 23
3049 3050 22
3050 3051 21
3051 3052 20
3052 3053 19
3053 3054 18
3054 3055 17
3055 3056 16
3056 3057 15
3057 3058 14
3058 3059 13
3059 3060 12
3060 3061 11
3061 3062 10
3062 3063 9
3063 3064 8
3064 3065 7
3065 3066 6
3066 3067 5
3067 3068 4
3068 3069 3
3069 3070 2
3070 1 1
0 3071 100
3071 3072 99
3072 3073 98
3073 3074 97
3074 3075 96
3075 3076 95
3076 3077 94
3077 3078 93
3078 3079 92
3079 3080 91
3080 3081 90
3081 3082 89
3082 3083 88
3083 3084 87
3084 3085 86
3085 3086 85
3086 3087 84
3087 3088 83
3088 3089 82
3089 3090 81
3090 3091 80
3091 3092 79
3092 3093 78
3093 3094 77
3094 3095 76
3095 3096 75
3096 3097 74
3097 3098 73
3098 3099 72
3099 3100 71
3100 3101 70
3101 3102 69
3102 3103 68
3103 3104 67
3104 3105 66
3105 3106 65
3106 3107 64
3107 3108 63
3108 3109 62
3109 3110 61
3110 3111 60
3111 3112 59
3112 3113 58
3113 3114 57
3114 3115 56
3115 3116 55
3116 3117 54
3117 3118 53
3118 3119 52
3119 3120 51
3120 3121 50
3121 3122 49
3122 3123 48
3123 3124 47
3124 3125 46
3125 3126 45
3126 3127 44
3127 3128 43
3128 3129 42
3129 3130 41
3130 3131 40
3131 3132 39
3132 3133 38
3133 3134 37
3134 3135 36
3135 3136 35
3136 3137 34
3137 3138 33
3138 3139 32
3139 3140 31
3140 3141 30
3141 3142 29
3142 3143 28
3143 3144 27
3144 3145 26
3145 3146 25
3146 3147 24
3147 3148 23
3148 3149 22
3149 3150 21
3150 3151 20
3151 3152 19
3152 3153 18
3153 3154 17
3154 3155 16
3155 3156 15
3156 3157 14
3157 3158 13
3158 3159 12
3159 3160 11
3160 3161 10
3161 3162 9
3162 3163 8
3163 3164 7
3164 3165 6
3165 3166 5
3166 3167 4
3167 3168 3
3168 3169 2
3169 1 1
0 3170 100
3170 3171 99
3171 3172 98
3172 3173 97
3173 3174 96
3174 3175 95
3175 3176 94
3176 3177 93
3177 3178 92
3178 3179 91
3179 3180 90
3180 3181 89
3181 3182 88
3182 3183 87
3183 3184 86
3184 3185 85
3185 3186 84
3186 3187 83
3187 3188 82
3188 3189 81
3189 3190 80
3190 3191 79
3191 3192 78
3192 3193 77
3193 3194 76
3194 3195 75
3195 3196 74
3196 3197 73
3197 3198 72
3198 3199 71
3199 3200 70
3200 3201 69
3201 3202 68
3202 3203 67
3203 3204 66
3204 3205 65
3205 3206 64
3206 3207 63
3207 3208 62
3208 3209 61
3209 3210 60
3210 3211 59
3211 3212 58
3212 3213 57
3213 3214 56
3214 3215 55
3215 3216 54
3216 3217 53
3217 3218 52
3218 3219 51
3219 3220 50
3220 3221 49
3221 3222 48
3222 3223 47
3223 3224 46
3224 3225 45
3225 3226 44
3226 3227 43
3227 3228 42
3228 3229 41
3229 3230 40
3230 3231 39
3231 3232 38
3232 3233 37
3233 3234 36
3234 3235 35
3235 3236 34
3236 3237 33
3237 3238 32
3238 3239 31
3239 3240 30
3240 3241 29
3241 3242 28
3242 3243 27
3243 3244 26
3244 3245 25
3245 3246 24
3246 3247 23
3247 3248 22
3248 3249 21
3249 3250 20
3250 3251 19
3251 3252 18
3252 3253 17
3253 3254 16
3254 3255 15
3255 3256 14
3256 3257 13
3257 3258 12
3258 3259 11
3259 3260 10
3260 3261 9
3261 3262 8
3262 3263 7
3263 3264 6
3264 3265 5
3265 3266 4
3266 3267 3
3267 3268 2
3268 1 1
0 3269 100
3269 3270 99
3270 3271 98
3271 3272 97
3272 3273 96
3273 3274 95
3274 3275 94
3275 3276 93
3276 3277 92
3277 3278 91
3278 3279 90
3279 3280 89
3280 3281 88
3281 3282 87
3282 3283 86
3283 3284 85
3284 3285 84
3285 3286 83
3286 3287 82
3287 3288 81
3288 3289 80
3289 3290 79
3290 3291 78
3291 3292 77
3292 3293 76
3293 3294 75
3294 3295 74
3295 3296 73
3296 3297 72
3297 3298 71
3298 3299 70
3299 3300 69
3300 3301 68
3301 3302 67
3302 3303 66
3303 3304 65
3304 3305 64
3305 3306 63
3306 3307 62
3307 3308 61
3308 3309 60
3309 3310 59
3310 3311 58
3311 3312 57
3312 3313 56
3313 3314 55
3314 3315 54
3315 3316 53
3316 3317 52
3317 3318 51
3318 3319 50
3319 3320 49
3320 3321 48
3321 3322 47
3322 3323 46
3323 3324 45
3324 3325 44
3325 3326 43
3326 3327 42
3327 3328 41
3328 3329 40
3329 3330 39
3330 3331 38
3331 3332 37
3332 3333 36
3333 3334 35
3334 3335 34
3335 3336 33
3336 3337 32
3337 3338 31
3338 3339 30
3339 3340 29
3340 3341 28
3341 3342 27
3342 3343 26
3343 3344 25
3344 3345 24
3345 3346 23
3346 3347 22
3347 3348 21
3348 3349 20
3349 3350 19
3350 3351 18
3351 3352 17
3352 3353 16
3353 3354 15
3354 3355 14
3355 3356 13
3356 3357 12
3357 3358 11
3358 3359 10
3359 3360 9
3360 3361 8
3361 3362 7
3362 3363 6
3363 3364 5
3364 3365 4
3365 3366 3
3366 3367 2
3367 1 1
0 3368 100
3368 3369 99
3369 3370 98
3370 3371 97
3371 3372 96
3372 3373 95
3373 3374 94
3374 3375 93
3375 3376 92
3376 3377 91
3377 3378 90
3378 3379 89
3379 3380 88
3380 3381 87
3381 3382 86
3382 3383 85
3383 3384 84
3384 3385 83
3385 3386 82
3386 3387 81
3387 3388 80
3388 3389 79
3389 3390 78
3390 3391 77
3391 3392 76
3392 3393 75
3393 3394 74
3394 3395 73
3395 3396 72
3396 3397 71
3397 3398 70
3398 3399 69
3399 3400 68
3400 3401 67
3401 3402 66
3402 3403 65
3403 3404 64
3404 3405 63
3405 3406 62
3406 3407 61
3407 3408 60
3408 3409 59
3409 3410 58
3410 3411 57
3411 3412 56
3412 3413 55
3413 3414 54
3414 3415 53
3415 3416 52
3416 3417 51
3417 3418 50
3418 3419 49
3419 3420 48
3420 3421 47
3421 3422 46
3422 3423 45
3423 3424 44
3424 3425 43
3425 3426 42
3426 3427 41
3427 3428 40
3428 3429 39
3429 3430 38
3430 3431 37
3431 3432 36
3432 3433 35
3433 3434 34
3434 3435 33
3435 3436 32
3436 3437 31
3437 3438 30
3438 3439 29
3439 3440 28
3440 3441 27
3441 3442 26
3442 3443 25
3443 3444 24
3444 3445 23
3445 3446 22
3446 3447 21
3447 3448 20
3448 3449 19
3449 3450 18
3450 3451 17
3451 3452 16
3452 3453 15
3453 3454 14
3454 3455 13
3455 3456 12
3456 3457 11
3457 3458 10
3458 3459 9
3459 3460 8
3460 3461 7
3461 3462 6
3462 3463 5
3463 3464 4
3464 3465 3
3465 3466 2
3466 1 1
0 3467 100
3467 3468 99
3468 3469 98
3469 3470 97
3470 3471 96
3471 3472 95
3472 3473 94
3473 3474 93
3474 3475 92
3475 3476 91
3476 3477 90
3477 3478 89
3478 3479 88
3479 3480 87
3480 3481 86
3481 3482 85
3482 3483 84
3483 3484 83
3484 3485 82
3485 3486 81
3486 3487 80
3487 3488 79
3488 3489 78
3489 3490 77
3490 3491 76
3491 3492 75
3492 3493 74
3493 3494 73
3494 3495 72
3495 3496 71
3496 3497 70
3497 3498 69
3498 3499 68
3499 3500 67
3500 3501 66
3501 3502 65
3502 3503 64
3503 3504 63
3504 3505 62
3505 3506 61
3506 3507 60
3507 3508 59
3508 3509 58
3509 3510 57
3510 3511 56
3511 3512 55
3512 3513 54
3513 3514 53
3514 3515 52
3515 3516 51
3516 3517 50
3517 3518 49
3518 3519 48
3519 3520 47
3520 3521 46
3521 3522 45
3522 3523 44
3523 3524 43
3524 3525 42
3525 3526 41
3526 3527 40
3527 3528 39
3528 3529 38
3529 3530 37
3530 3531 36
3531 3532 35
3532 3533 34
3533 3534 33
3534 3535 32
3535 3536 31
3536 3537 30
3537 3538 29
3538 3539 28
3539 3540 27
3540 3541 26
3541 3542 25
3542 3543 24
3543 3544 23
3544 3545 22
3545 3546 21
3546 3547 20
3547 3548 19
3548 3549 18
3549 3550 17
3550 3551 16
3551 3552 15
3552 3553 14
3553 3554 13
3554 3555 12
3555 3556 11
3556 3557 10
3557 3558 9
3558 3559 8
3559 3560 7
3560 3561 6
3561 3562 5
3562 3563 4
3563 3564 3
3564 3565 2
3565 1 1
0 3566 100
3566 3567 99
3567 3568 98
3568 3569 97
3569 3570 96
3570 3571 95
3571 3572 94
3572 3573 93
3573 3574 92
3574 3575 91
3575 3576 90
3576 3577 89
3577 3578 88
3578 3579 87
3579 3580 86
3580 3581 85
3581 3582 84
3582 3583 83
3583 3584 82
3584 3585 81
3585 3586 80
3586 3587 79
3587 3588 78
3588 3589 77
3589 3590 76
3590 3591 75
3591 3592 74
3592 3593 73
3593 3594 72
3594 3595 71
3595 3596 70
3596 3597 69
3597 3598 68
3598 3599 67
3599 3600 66
3600 3601 65
3601 3602 64
3602 3603 63
3603 3604 62
3604 3605 61
3605 3606 60
3606 3607 59
3607 3608 58
3608 3609 57
3609 3610 56
3610 3611 55
3611 3612 54
3612 3613 53
3613 3614 52
3614 3615 51
3615 3616 50
3616 3617 49
3617 3618 48
3618 3619 47
3619 3620 46
3620 3621 45
3621 3622 44
3622 3623 43
3623 3624 42
3624 3625 41
3625 3626 40
3626 3627 39
3627 3628 38
3628 3629 37
3629 3630 36
3630 3631 35
3631 3632 34
3632 3633 33
3633 3634 32
3634 3635 31
3635 3636 30
3636 3637 29
3637 3638 28
3638 3639 27
3639 3640 26
3640 3641 25
3641 3642 24
3642 3643 23
3643 3644 22
3644 3645 21
3645 3646 20
3646 3647 19
3647 3648 18
3648 3649 17
3649 3650 16
3650 3651 15
3651 3652 14
3652 3653 13
3653 3654 12
3654 3655 11
3655 3656 10
3656 3657 9
3657 3658 8
3658 3659 7
3659 3660 6
3660 3661 5
3661 3662 4
3662 3663 3
3663 3664 2
3664 1 1
0 3665 100
3665 3666 99
3666 3667 98
3667 3668 97
3668 3669 96
3669 3670 95
3670 3671 94
3671 3672 93
3672 3673 92
3673 3674 91
3674 3675 90
3675 3676 89
3676 3677 88
3677 3678 87
3678 3679 86
3679 3680 85
3680 3681 84
3681 3682 83
3682 3683 82
3683 3684 81
3684 3685 80
3685 3686 79
3686 3687 78
3687 3688 77
3688 3689 76
3689 3690 75
3690 3691 74
3691 3692 73
3692 3693 72
3693 3694 71
3694 3695 70
3695 3696 69
3696 3697 68
3697 3698 67
3698 3699 66
3699 3700 65
3700 3701 64
3701 3702 63
3702 3703 62
3703 3704 61
3704 3705 60
3705 3706 59
3706 3707 58
3707 3708 57
3708 3709 56
3709 3710 55
3710 3711 54
3711 3712 53
3712 3713 52
3713 3714 51
3714 3715 50
3715 3716 49
3716 3717 48
3717 3718 47
3718 3719 46
3719 3720 45
3720 3721 44
3721 3722 43
3722 3723 42
3723 3724 41
3724 3725 40
3725 3726 39
3726 3727 38
3727 3728 37
3728 3729 36
3729 3730 35
3730 3731 34
3731 3732 33
3732 3733 32
3733 3734 31
3734 3735 30
3735 3736 29
3736 3737 28
3737 3738 27
3738 3739 26
3739 3740 25
3740 3741 24
3741 3742 23
3742 3743 22
3743 3744 21
3744 3745 20
3745 3746 19
3746 3747 18
3747 3748 17
3748 3749 16
3749 3750 15
3750 3751 14
3751 3752 13
3752 3753 12
3753 3754 11
3754 3755 10
3755 3756 9
3756 3757 8
3757 3758 7
3758 3759 6
3759 3760 5
3760 3761 4
3761 3762 3
3762 3763 2
3763 1 1
0 3764 100
3764 3765 99
3765 3766 98
3766 3767 97
3767 3768 96
3768 3769 95
3769 3770 94
3770 3771 93
3771 3772 92
3772 3773 91
3773 3774 90
3774 3775 89
3775 3776 88
3776 3777 87
3777 3778 86
3778 3779 85
3779 3780 84
3780 3781 83
3781 3782 82
3782 3783 81
3783 3784 80
3784 3785 79
3785 3786 78
3786 3787 77
3787 3788 76
3788 3789 75
3789 3790 74
3790 3791 73
3791 3792 72
3792 3793 71
3793 3794 70
3794 3795 69
3795 3796 68
3796 3797 67
3797 3798 66
3798 3799 65
3799 3800 64
3800 3801 63
3801 3802 62
3802 3803 61
3803 3804 60
3804 3805 59
3805 3806 58
3806 3807 57
3807 3808 56
3808 3809 55
3809 3810 54
3810 3811 53
3811 3812 52
3812 3813 51
3813 3814 50
3814 3815 49
3815 3816 48
3816 3817 47
3817 3818 46
3818 3819 45
3819 3820 44
3820 3821 43
3821 3822 42
3822 3823 41
3823 3824 40
3824 3825 39
3825 3826 38
3826 3827 37
3827 3828 36
3828 3829 35
3829 3830 34
3830 3831 33
3831 3832 32
3832 3833 31
3833 3834 30
3834 3835 29
3835 3836 28
3836 3837 27
3837 3838 26
3838 3839 25
3839 3840 24
3840 3841 23
3841 3842 22
3842 3843 21
3843 3844 20
3844 3845 19
3845 3846 18
3846 3847 17
3847 3848 16
3848 3849 15
3849 3850 14
3850 3851 13
3851 3852 12
3852 3853 11
3853 3854 10
3854 3855 9
3855 3856 8
3856 3857 7
3857 3858 6
3858 3859 5
3859 3860 4
3860 3861 3
3861 3862 2
3862 1 1
0 3863 100
3863 3864 99
3864 3865 98
3865 3866 97
3866 3867 96
3867 3868 95
3868 3869 94
3869 3870 93
3870 3871 92
3871 3872 91
3872 3873 90
3873 3874 89
3874 3875 88
3875 3876 87
3876 3877 86
3877 3878 85
3878 3879 84
3879 3880 83
3880 3881 82
3881 3882 81
3882 3883 80
3883 3884 79
3884 3885 78
3885 3886 77
3886 3887 76
3887 3888 75
3888 3889 74
3889 3890 73
3890 3891 72
3891 3892 71
3892 3893 70
3893 3894 69
3894 3895 68
3895 3896 67
3896 3897 66
3897 3898 65
3898 3899 64
3899 3900 63
3900 3901 62
3901 3902 61
3902 3903 60
3903 3904 59
3904 3905 58
3905 3906 57
3906 3907 56
3907 3908 55
3908 3909 54
3909 3910 53
3910 3911 52
3911 3912 51
3912 3913 50
3913 3914 49
3914 3915 48
3915 3916 47
3916 3917 46
3917 3918 45
3918 3919 44
3919 3920 43
3920 3921 42
3921 3922 41
3922 3923 40
3923 3924 39
3924 3925 38
3925 3926 37
3926 3927 36
3927 3928 35
3928 3929 34
3929 3930 33
3930 3931 32
3931 3932 31
3932 3933 30
3933 3934 29
3934 3935 28
3935 3936 27
3936 3937 26
3937 3938 25
3938 3939 24
3939 3940 23
3940 3941 22
3941 3942 21
3942 3943 20
3943 3944 19
3944 3945 18
3945 3946 17
3946 3947 16
3947 3948 15
3948 3949 14
3949 3950 13
3950 3951 12
3951 3952 11
3952 3953 10
3953 3954 9
3954 3955 8
3955 3956 7
3956 3957 6
3957 3958 5
3958 3959 4
3959 3960 3
3960 3961 2
3961 1 1
